0 	 0.2105312764 	 0.0203989767 	 0.0000187682
1 	 0.2454068886 	 0.0935626592 	 0.0000821099
2 	 0.2656517193 	 0.1351550973 	 0.0000730889
3 	 0.3683199014 	 0.1695100462 	 0.0000580960
4 	 0.7077956823 	 0.1865842342 	 0.0000378667
5 	 0.7077956823 	 0.2201675335 	 0.0000604399
6 	 0.7077956823 	 0.2597818992 	 0.0000484707
7 	 0.7077956823 	 0.3041516337 	 0.0003732871
8 	 0.7077956823 	 0.3892080928 	 0.0001408996
9 	 0.7077956823 	 0.4218380861 	 0.0000945338
10 	 0.7077956823 	 0.4210487553 	 0.0009368607
11 	 0.7077956823 	 0.4374343070 	 0.0000414486
12 	 0.7077956823 	 0.4443856925 	 0.0000825320
13 	 0.7077956823 	 0.4610350384 	 0.0018234834
14 	 0.7077956823 	 0.5288243832 	 0.0000228027
15 	 0.7077956823 	 0.4638351651 	 0.0000167263
16 	 0.7127078010 	 0.4651771421 	 0.0008383716
17 	 0.7127078010 	 0.3999626997 	 0.0000403573
18 	 0.7276765638 	 0.4515861945 	 0.0000613135
19 	 0.7276765638 	 0.4400406228 	 0.0000277303
20 	 0.7276765638 	 0.4436852594 	 0.0000353705
21 	 0.7276765638 	 0.4387466596 	 0.0000283720
22 	 0.7276765638 	 0.4901267658 	 0.0000187480
23 	 0.7276765638 	 0.4673966415 	 0.0001080394
24 	 0.7276765638 	 0.4335652791 	 0.0000182880
25 	 0.7276765638 	 0.4178412274 	 0.0000573924
26 	 0.7276765638 	 0.4569803282 	 0.0000866701
27 	 0.7276765638 	 0.4963848211 	 0.0012621752
28 	 0.7276765638 	 0.4343593268 	 0.0001021684
29 	 0.7276765638 	 0.4655982999 	 0.0000237556
30 	 0.7424515180 	 0.5001176232 	 0.0000271585
31 	 0.7424515180 	 0.4298323341 	 0.0001402917
32 	 0.7424515180 	 0.4490839780 	 0.0001049350
33 	 0.7424515180 	 0.4198303265 	 0.0000411134
34 	 0.7424515180 	 0.4571274697 	 0.0213992561
35 	 0.7424515180 	 0.4823636392 	 0.0001063956
36 	 0.7424515180 	 0.4511278714 	 0.0000241743
37 	 0.7424515180 	 0.4389085435 	 0.0000236097
38 	 0.7424515180 	 0.3813573304 	 0.0002997865
39 	 0.7424515180 	 0.4053063013 	 0.0041406065
40 	 0.7424515180 	 0.4224552071 	 0.0000179645
41 	 0.7424515180 	 0.4193189348 	 0.0001142102
42 	 0.7436482123 	 0.4214710530 	 0.0000390689
43 	 0.7442934138 	 0.4816940881 	 0.0001478159
44 	 0.7442934138 	 0.4376119867 	 0.0001705663
45 	 0.7442934138 	 0.4946753216 	 0.0000315745
46 	 0.7442934138 	 0.4622045359 	 0.0000855159
47 	 0.7442934138 	 0.4663915316 	 0.0014700594
48 	 0.7442934138 	 0.4704704269 	 0.0001137031
49 	 0.7442934138 	 0.4783009306 	 0.0032799351
50 	 0.7442934138 	 0.4516819224 	 0.0005950161
51 	 0.7442934138 	 0.4442727800 	 0.0000167353
52 	 0.7442934138 	 0.5087820436 	 0.0007573170
53 	 0.7442934138 	 0.4369687373 	 0.0001868504
54 	 0.7442934138 	 0.4733083680 	 0.0002094808
55 	 0.7447352165 	 0.4104678006 	 0.0001465040
56 	 0.7447352165 	 0.4068176764 	 0.0000281763
57 	 0.7447352165 	 0.4024926521 	 0.0000710498
58 	 0.7447352165 	 0.4766942127 	 0.0324256394
59 	 0.7447352165 	 0.4834895840 	 0.0013900504
60 	 0.7447352165 	 0.4222112931 	 0.0001366669
61 	 0.7447352165 	 0.4406908831 	 0.0000643827
62 	 0.7447352165 	 0.4937576164 	 0.0004888483
63 	 0.7447352165 	 0.4418875928 	 0.0000406125
64 	 0.7447352165 	 0.3931057698 	 0.0007343546
65 	 0.7447352165 	 0.4419427024 	 0.0000535193
66 	 0.7447352165 	 0.4546866036 	 0.0036100742
67 	 0.7447352165 	 0.4534735022 	 0.0002530008
68 	 0.7458690640 	 0.4108087665 	 0.0000440706
69 	 0.7458690640 	 0.4902120844 	 0.0133417060
70 	 0.7458690640 	 0.4266043835 	 0.0002034408
71 	 0.7458690640 	 0.4765034040 	 0.0001188490
72 	 0.7458690640 	 0.4691010749 	 0.0000636069
73 	 0.7458690640 	 0.4898231910 	 0.0000521777
74 	 0.7458690640 	 0.4971842631 	 0.0000961142
75 	 0.7458690640 	 0.4713215152 	 0.0000374564
76 	 0.7458690640 	 0.4166427823 	 0.0000463851
77 	 0.7458690640 	 0.4315948455 	 0.0000342129
78 	 0.7458690640 	 0.4607990771 	 0.0000356866
79 	 0.7458690640 	 0.4657553082 	 0.0000202275
80 	 0.7458690640 	 0.4764804543 	 0.0000185924
81 	 0.7458690640 	 0.4617043669 	 0.0000186715
82 	 0.7458690640 	 0.4747688821 	 0.0001419003
83 	 0.7467492718 	 0.4433874949 	 0.0000340827
84 	 0.7467492718 	 0.4458239259 	 0.0000565862
85 	 0.7467492718 	 0.4376958983 	 0.0000485198
86 	 0.7467492718 	 0.4255568057 	 0.0000871348
87 	 0.7467492718 	 0.4378982125 	 0.0001235782
88 	 0.7467492718 	 0.4554792593 	 0.0000498813
89 	 0.7467492718 	 0.4692236228 	 0.0000448490
90 	 0.7467492718 	 0.4228593821 	 0.0000696179
91 	 0.7467492718 	 0.4186942182 	 0.0000243022
92 	 0.7467492718 	 0.4749482734 	 0.0000288344
93 	 0.7467492718 	 0.5052978396 	 0.0000258151
94 	 0.7467492718 	 0.4747172209 	 0.0000532494
95 	 0.7467492718 	 0.4921948779 	 0.0007000109
96 	 0.7467492718 	 0.5309123311 	 0.0000585958
97 	 0.7467492718 	 0.5160559370 	 0.0000288393
98 	 0.7467492718 	 0.4876475228 	 0.0000237185
99 	 0.7467492718 	 0.4201429965 	 0.0000425701
0 	 0.1352495382 	 0.0182816401 	 0.0000187682
1 	 0.1478147929 	 0.0718881641 	 0.0001277633
2 	 0.2466558487 	 0.0962409709 	 0.0000912143
3 	 0.3775612127 	 0.1196633657 	 0.0000418970
4 	 0.3775612127 	 0.1393912595 	 0.0000404143
5 	 0.4336053621 	 0.1738899580 	 0.0000274009
6 	 0.4336053621 	 0.1913493375 	 0.0000416753
7 	 0.4414065444 	 0.2107407170 	 0.0003416089
8 	 0.4635330522 	 0.2455751784 	 0.0000444706
9 	 0.5026171989 	 0.2595702425 	 0.0001328698
10 	 0.5026171989 	 0.2591478359 	 0.0011334675
11 	 0.5127025161 	 0.2693104873 	 0.0000414486
12 	 0.5549601523 	 0.3157327290 	 0.0001780384
13 	 0.5560072294 	 0.3313408944 	 0.0022176775
14 	 0.5560072294 	 0.3856766116 	 0.0000686959
15 	 0.5560072294 	 0.3474051971 	 0.0000543424
16 	 0.5570685168 	 0.3585157656 	 0.0010259789
17 	 0.5570685168 	 0.3501620739 	 0.0001053684
18 	 0.5570685168 	 0.3575616984 	 0.0001441130
19 	 0.5570685168 	 0.3480959896 	 0.0000795715
20 	 0.5570685168 	 0.3493882777 	 0.0000947818
21 	 0.5642922508 	 0.3765956047 	 0.0000797522
22 	 0.5642922508 	 0.3944846161 	 0.0000592572
23 	 0.5646082556 	 0.3678165513 	 0.0002211358
24 	 0.5855577000 	 0.3756977664 	 0.0000581525
25 	 0.5855577000 	 0.3663699847 	 0.0001371418
26 	 0.5855577000 	 0.3642795086 	 0.0001870524
27 	 0.5875555901 	 0.4116776298 	 0.0016168965
28 	 0.5875555901 	 0.4135362224 	 0.0002119232
29 	 0.5875555901 	 0.4189977241 	 0.0000497219
30 	 0.5875555901 	 0.4737512762 	 0.0000556131
31 	 0.5875555901 	 0.4428270940 	 0.0002701345
32 	 0.5875555901 	 0.4285074872 	 0.0001708914
33 	 0.5875555901 	 0.4246543723 	 0.0000785130
34 	 0.5925640800 	 0.4196912610 	 0.0235046354
35 	 0.5925640800 	 0.4434755707 	 0.0001953131
36 	 0.5925640800 	 0.4162946952 	 0.0000717819
37 	 0.5925640800 	 0.3858442137 	 0.0000494659
38 	 0.5925640800 	 0.4039490340 	 0.0004157597
39 	 0.5925640800 	 0.3950993374 	 0.0046277934
40 	 0.5925640800 	 0.4021871389 	 0.0000573708
41 	 0.5925640800 	 0.4429842028 	 0.0002307107
42 	 0.5925640800 	 0.4260657214 	 0.0001028431
43 	 0.5925640800 	 0.4324246399 	 0.0002812381
44 	 0.5925640800 	 0.4054555070 	 0.0003102168
45 	 0.5925640800 	 0.4338324407 	 0.0000876987
46 	 0.5925640800 	 0.4245170882 	 0.0001441052
47 	 0.5925640800 	 0.4378268189 	 0.0017046655
48 	 0.5925640800 	 0.4495486801 	 0.0002299279
49 	 0.5925640800 	 0.4461006449 	 0.0035772449
50 	 0.5925640800 	 0.4265109707 	 0.0007562490
51 	 0.5925640800 	 0.4412516732 	 0.0000543648
52 	 0.5934928478 	 0.4799104887 	 0.0009368691
53 	 0.5934928478 	 0.4409050460 	 0.0003373236
54 	 0.5934928478 	 0.4270571002 	 0.0003058890
55 	 0.6020353068 	 0.4379252845 	 0.0002793099
56 	 0.6020353068 	 0.3975428313 	 0.0000805291
57 	 0.6020353068 	 0.4100368664 	 0.0001609974
58 	 0.6020353068 	 0.4250619709 	 0.0401538889
59 	 0.6020353068 	 0.4193858991 	 0.0017575241
60 	 0.6020353068 	 0.4239087727 	 0.0002132009
61 	 0.6020353068 	 0.3597180105 	 0.0001138529
62 	 0.6020353068 	 0.4196083609 	 0.0006360472
63 	 0.6020353068 	 0.4089726147 	 0.0001058663
64 	 0.6020353068 	 0.4367566704 	 0.0010200904
65 	 0.6020353068 	 0.4584691133 	 0.0000976884
66 	 0.6076346038 	 0.4368615660 	 0.0039127663
67 	 0.6076346038 	 0.4347324221 	 0.0004280591
68 	 0.6076346038 	 0.4268398943 	 0.0001125368
69 	 0.6076346038 	 0.4530863850 	 0.0134823956
70 	 0.6076346038 	 0.4320860254 	 0.0003252990
71 	 0.6076346038 	 0.4601613293 	 0.0001896355
72 	 0.6098119025 	 0.4320187722 	 0.0001481421
73 	 0.6098119025 	 0.4531499766 	 0.0000956554
74 	 0.6098119025 	 0.4543547518 	 0.0002023085
75 	 0.6132034119 	 0.4549927641 	 0.0000856704
76 	 0.6132034119 	 0.3856234548 	 0.0001169285
77 	 0.6132034119 	 0.4187927962 	 0.0000674069
78 	 0.6132034119 	 0.4225815538 	 0.0000825260
79 	 0.6132034119 	 0.4371116713 	 0.0000434400
80 	 0.6211665071 	 0.4151669968 	 0.0000588843
81 	 0.6211665071 	 0.4021467809 	 0.0000406038
82 	 0.6211665071 	 0.4098776196 	 0.0002200415
83 	 0.6211665071 	 0.4143615096 	 0.0000796459
84 	 0.6211665071 	 0.4281847893 	 0.0001179181
85 	 0.6211665071 	 0.4279880917 	 0.0000897284
86 	 0.6211665071 	 0.3621757813 	 0.0001463707
87 	 0.6211665071 	 0.4025934371 	 0.0002177874
88 	 0.6211665071 	 0.4067999954 	 0.0000921547
89 	 0.6211665071 	 0.4009886010 	 0.0000448490
90 	 0.6211665071 	 0.4285368228 	 0.0001385699
91 	 0.6211665071 	 0.4291477389 	 0.0000613254
92 	 0.6211665071 	 0.4445194007 	 0.0000699946
93 	 0.6211665071 	 0.4543441232 	 0.0000642586
94 	 0.6211665071 	 0.4255171145 	 0.0000972800
95 	 0.6211665071 	 0.4308520942 	 0.0007000109
96 	 0.6211665071 	 0.4113179622 	 0.0001211599
97 	 0.6211665071 	 0.4338041407 	 0.0000584705
98 	 0.6211665071 	 0.4148984172 	 0.0000601821
99 	 0.6211665071 	 0.3977653164 	 0.0000945785
0 	 0.1265751951 	 0.0131169270 	 0.0000247384
1 	 0.2203144244 	 0.0553581910 	 0.0000674079
2 	 0.3841489558 	 0.0813596876 	 0.0000094144
3 	 0.3841489558 	 0.1138680104 	 0.0001550901
4 	 0.5487098140 	 0.1456485470 	 0.0000524845
5 	 0.5487098140 	 0.1893066421 	 0.0000617889
6 	 0.5487098140 	 0.2220134856 	 0.0000486575
7 	 0.5487098140 	 0.2445995827 	 0.0004683565
8 	 0.5487098140 	 0.2833632659 	 0.0001320619
9 	 0.5526509867 	 0.3196558459 	 0.0000829847
10 	 0.5526509867 	 0.3108130996 	 0.0011302337
11 	 0.5553540575 	 0.3137233515 	 0.0000486289
12 	 0.5569494475 	 0.3289145041 	 0.0001588598
13 	 0.5569494475 	 0.3398938086 	 0.0019889097
14 	 0.5569494475 	 0.3765722441 	 0.0000554599
15 	 0.5569494475 	 0.3310711203 	 0.0000472764
16 	 0.5569494475 	 0.3229533320 	 0.0011214165
17 	 0.5583898032 	 0.3160038626 	 0.0000815957
18 	 0.5815462107 	 0.3656975281 	 0.0000796938
19 	 0.5815462107 	 0.3247177888 	 0.0000654114
20 	 0.5815462107 	 0.3142432238 	 0.0000789298
21 	 0.5815462107 	 0.3291674092 	 0.0000723389
22 	 0.5815462107 	 0.3494316207 	 0.0000527681
23 	 0.5815462107 	 0.3457203938 	 0.0001929971
24 	 0.5815462107 	 0.3322717220 	 0.0000524524
25 	 0.5826376647 	 0.3126930101 	 0.0001235197
26 	 0.5826376647 	 0.3223833198 	 0.0001611789
27 	 0.5826376647 	 0.3561429869 	 0.0014115971
28 	 0.5826376647 	 0.3055281767 	 0.0001922843
29 	 0.5826376647 	 0.3291445080 	 0.0000419498
30 	 0.5826376647 	 0.3459055182 	 0.0000353863
31 	 0.5826376647 	 0.3143628055 	 0.0002474116
32 	 0.5828045419 	 0.3172290266 	 0.0002121974
33 	 0.5828045419 	 0.2892298287 	 0.0000998607
34 	 0.5828045419 	 0.3186560819 	 0.0080695282
35 	 0.5828045419 	 0.3150948895 	 0.0001806415
36 	 0.5828045419 	 0.2937536899 	 0.0000628417
37 	 0.6116536501 	 0.2705242909 	 0.0000639159
38 	 0.6116536501 	 0.2655007487 	 0.0005507609
39 	 0.6116536501 	 0.2616155596 	 0.0022750921
40 	 0.6116536501 	 0.2989887271 	 0.0000495623
41 	 0.6117215723 	 0.2895068077 	 0.0002070557
42 	 0.6134508311 	 0.3054129095 	 0.0000936449
43 	 0.6134508311 	 0.3071404486 	 0.0002175201
44 	 0.6162947736 	 0.2939400005 	 0.0002611011
45 	 0.6162947736 	 0.3714595915 	 0.0000624742
46 	 0.6162947736 	 0.3563082272 	 0.0001208261
47 	 0.6182144489 	 0.3785848161 	 0.0006782834
48 	 0.6182144489 	 0.3820401393 	 0.0001708184
49 	 0.6182144489 	 0.4083822867 	 0.0017307332
50 	 0.6182144489 	 0.3885014205 	 0.0007289017
51 	 0.6182144489 	 0.3811975777 	 0.0000390194
52 	 0.6182144489 	 0.4327592783 	 0.0023496602
53 	 0.6182144489 	 0.3619485676 	 0.0002629632
54 	 0.6182505799 	 0.3705173038 	 0.0002700090
55 	 0.6194022362 	 0.3734128878 	 0.0002203992
56 	 0.6194022362 	 0.3441213181 	 0.0000556969
57 	 0.6194022362 	 0.3675018557 	 0.0001190221
58 	 0.6194022362 	 0.3754555705 	 0.0022032486
59 	 0.6194022362 	 0.3847591087 	 0.0014654209
60 	 0.6194022362 	 0.3232708071 	 0.0001645075
61 	 0.6194022362 	 0.3252710310 	 0.0001101376
62 	 0.6194022362 	 0.3752835232 	 0.0005617498
63 	 0.6194022362 	 0.3552371056 	 0.0000782348
64 	 0.6194022362 	 0.3372304133 	 0.0008454611
65 	 0.6194022362 	 0.3563778179 	 0.0000761217
66 	 0.6194022362 	 0.3700468945 	 0.0029960373
67 	 0.6234047130 	 0.3730744250 	 0.0003342861
68 	 0.6234047130 	 0.3657102990 	 0.0003061900
69 	 0.6234047130 	 0.4015068254 	 0.0021555943
70 	 0.6234047130 	 0.3540910195 	 0.0003718207
71 	 0.6234047130 	 0.4081703937 	 0.0001871830
72 	 0.6234047130 	 0.4177723380 	 0.0001056635
73 	 0.6234047130 	 0.4083957486 	 0.0000793798
74 	 0.6234047130 	 0.3764758432 	 0.0001485054
75 	 0.6234047130 	 0.3820260107 	 0.0000678972
76 	 0.6234047130 	 0.3358800473 	 0.0000829131
77 	 0.6234047130 	 0.3741991638 	 0.0000624027
78 	 0.6234047130 	 0.3928529994 	 0.0000676213
79 	 0.6234047130 	 0.3696335703 	 0.0000332373
80 	 0.6234047130 	 0.3718124194 	 0.0000402872
81 	 0.6234047130 	 0.3709735355 	 0.0000364160
82 	 0.6234047130 	 0.3831123579 	 0.0001994859
83 	 0.6234047130 	 0.3611545176 	 0.0000660028
84 	 0.6241556454 	 0.3684368457 	 0.0000976045
85 	 0.6241556454 	 0.3834805729 	 0.0000726132
86 	 0.6241895875 	 0.3514948380 	 0.0000957654
87 	 0.6241895875 	 0.3805721691 	 0.0001824016
88 	 0.6241895875 	 0.3751898534 	 0.0000791257
89 	 0.6241895875 	 0.3853439577 	 0.0000626682
90 	 0.6241895875 	 0.3991878720 	 0.0001113628
91 	 0.6241895875 	 0.3635749533 	 0.0000281719
92 	 0.6241895875 	 0.4071822982 	 0.0000547259
93 	 0.6241895875 	 0.3843629029 	 0.0000503012
94 	 0.6241895875 	 0.3796701429 	 0.0000847365
95 	 0.6241895875 	 0.3628218633 	 0.0008158105
96 	 0.6241895875 	 0.3855886819 	 0.0001035380
97 	 0.6241895875 	 0.3910559086 	 0.0000442925
98 	 0.6241895875 	 0.4015010068 	 0.0000467870
99 	 0.6241895875 	 0.3753671815 	 0.0000323353
