0.5000 0 1 399 0 1 0 0
0.5000 100 5 395 3 2 0 0
0.5000 200 10 390 8 2 0 0
0.5000 300 15 385 13 2 0 0
0.5000 400 17 383 15 2 0 0
0.5000 500 20 380 16 2 2 0
0.5000 600 24 376 18 2 4 0
0.5000 700 28 372 22 2 4 1
0.5000 800 33 367 27 2 4 1
0.5000 900 37 363 29 4 4 1
0.5000 1000 41 359 31 6 4 1
0.5000 1100 42 358 32 6 4 1
0.5000 1200 47 353 37 6 4 1
0.5000 1300 50 350 40 6 4 1
0.5000 1400 53 347 43 6 4 1
0.5000 1500 54 346 44 6 4 1
0.5000 1600 59 341 49 6 4 1
0.5000 1700 62 338 52 6 4 1
0.5000 1800 64 336 52 6 6 1
0.5000 1900 69 331 52 6 11 1
0.5000 2000 69 331 52 6 11 1
0.5000 2100 70 330 53 6 11 1
0.5000 2200 70 330 53 6 11 1
0.5000 2300 71 329 53 7 11 1
0.5000 2400 71 329 53 7 11 1
0.5000 2500 71 329 53 7 11 1
0.5000 2600 72 328 53 7 12 1
0.5000 2700 72 328 53 7 12 2
0.5000 2800 72 328 53 7 12 2
0.5000 2900 75 325 54 9 12 2
0.5000 3000 77 323 54 11 12 2
0.5000 3100 79 321 56 11 12 2
0.5000 3200 82 318 59 11 12 2
0.5000 3300 83 317 60 11 12 2
0.5000 3400 83 317 60 11 12 2
0.5000 3500 85 315 62 11 12 2
0.5000 3600 86 314 63 11 12 2
0.5000 3700 86 314 63 11 12 2
0.5000 3800 86 314 63 11 12 2
0.5000 3900 86 314 63 11 12 2
0.5000 4000 86 314 63 11 12 2
0.5000 4100 89 311 64 13 12 2
0.5000 4200 95 305 70 13 12 2
0.5000 4300 98 302 73 13 12 2
0.5000 4400 101 299 76 13 12 2
0.5000 4500 103 297 78 13 12 2
0.5000 4600 105 295 80 13 12 2
0.5000 4700 108 292 81 15 12 2
0.5000 4800 113 287 85 16 12 2
0.5000 4900 117 283 89 16 12 2
0.5000 5000 119 281 89 18 12 2
0.5000 5100 123 277 90 21 12 2
0.5000 5200 126 274 93 21 12 2
0.5000 5300 130 270 93 25 12 2
0.5000 5400 135 265 93 30 12 2
0.5000 5500 137 263 93 32 12 2
0.5000 5600 138 262 94 32 12 2
0.5000 5700 138 262 93 33 12 2
0.5000 5800 139 261 93 34 12 2
0.5000 5900 145 255 99 34 12 2
0.5000 6000 148 252 102 34 12 2
0.5000 6100 151 249 105 34 12 2
0.5000 6200 154 246 108 34 12 2
0.5000 6300 157 243 111 34 12 2
0.5000 6400 161 239 115 34 12 2
0.5000 6500 165 235 119 34 12 2
0.5000 6600 170 230 124 34 12 2
0.5000 6700 171 229 125 34 12 2
0.5000 6800 171 229 125 34 12 2
0.5000 6900 171 229 125 34 12 2
0.5000 7000 172 228 126 34 12 2
0.5000 7100 172 228 125 35 12 2
0.5000 7200 172 228 125 35 12 2
0.5000 7300 172 228 125 35 12 2
0.5000 7400 172 228 123 35 14 2
0.5000 7500 172 228 123 35 14 2
0.5000 7600 172 228 123 35 14 2
0.5000 7700 173 227 124 35 14 3
0.5000 7800 173 227 124 35 14 3
0.5000 7900 173 227 124 35 14 3
0.5000 8000 173 227 124 35 14 3
0.5000 8100 173 227 124 35 14 3
0.5000 8200 174 226 124 36 14 3
0.5000 8300 175 225 125 36 14 3
0.5000 8400 177 223 127 36 14 3
0.5000 8500 179 221 129 36 14 3
0.5000 8600 181 219 129 38 14 3
0.5000 8700 181 219 129 38 14 3
0.5000 8800 183 217 130 39 14 3
0.5000 8900 185 215 132 39 14 3
0.5000 9000 186 214 133 39 14 3
0.5000 9100 187 213 134 39 14 3
0.5000 9200 187 213 134 39 14 3
0.5000 9300 187 213 134 39 14 3
0.5000 9400 189 211 136 39 14 3
0.5000 9500 191 209 138 39 14 3
0.5000 9600 191 209 138 39 14 3
0.5000 9700 191 209 138 39 14 3
0.5000 9800 191 209 138 39 14 3
0.5000 9900 191 209 138 39 14 3
0.5000 10000 191 209 137 39 15 3
0.5000 10100 191 209 137 39 15 3
0.5000 10200 191 209 137 39 15 3
0.5000 10300 191 209 137 39 15 3
0.5000 10400 192 208 137 40 15 3
0.5000 10500 193 207 137 41 15 3
0.5000 10600 195 205 138 42 15 3
0.5000 10700 197 203 140 42 15 3
0.5000 10800 197 203 140 42 15 3
0.5000 10900 197 203 140 42 15 3
0.5000 11000 197 203 140 42 15 3
0.5000 11100 198 202 139 42 17 3
0.5000 11200 198 202 139 42 17 3
0.5000 11300 199 201 139 42 18 3
0.5000 11400 199 201 139 42 18 3
0.5000 11500 199 201 139 42 18 4
0.5000 11600 199 201 139 42 18 4
0.5000 11700 199 201 139 42 18 4
0.5000 11800 201 199 141 42 18 4
0.5000 11900 201 199 141 42 18 4
0.5000 12000 203 197 141 44 18 4
0.5000 12100 204 196 141 45 18 4
0.5000 12200 205 195 142 45 18 4
0.5000 12300 205 195 142 45 18 4
0.5000 12400 205 195 142 45 18 4
0.5000 12500 206 194 143 45 18 4
0.5000 12600 209 191 146 45 18 4
0.5000 12700 210 190 147 45 18 4
0.5000 12800 210 190 147 45 18 4
0.5000 12900 210 190 147 45 18 4
0.5000 13000 210 190 147 45 18 4
0.5000 13100 210 190 147 45 18 4
0.5000 13200 210 190 147 45 18 4
0.5000 13300 210 190 147 45 18 4
0.5000 13400 210 190 147 45 18 4
0.5000 13500 210 190 147 45 18 4
0.5000 13600 211 189 148 45 18 4
0.5000 13700 211 189 148 45 18 4
0.5000 13800 211 189 148 45 18 4
0.5000 13900 211 189 148 45 18 5
0.5000 14000 211 189 148 45 18 5
0.5000 14100 211 189 148 45 18 5
0.5000 14200 211 189 148 45 18 5
0.5000 14300 211 189 148 45 18 5
0.5000 14400 211 189 148 45 18 5
0.5000 14500 211 189 148 45 18 5
0.5000 14600 211 189 148 45 18 5
0.5000 14700 211 189 148 45 18 6
0.5000 14800 211 189 148 45 18 6
0.5000 14900 211 189 148 45 18 6
0.5000 15000 211 189 148 45 18 6
0.5000 15100 211 189 148 45 18 6
0.5000 15200 212 188 149 45 18 6
0.5000 15300 213 187 148 45 20 6
0.5000 15400 213 187 148 45 20 6
0.5000 15500 213 187 148 45 20 6
0.5000 15600 215 185 150 45 20 6
0.5000 15700 215 185 150 45 20 6
0.5000 15800 215 185 150 45 20 6
0.5000 15900 215 185 150 45 20 6
0.5000 16000 215 185 150 45 20 6
0.5000 16100 215 185 150 45 20 6
0.5000 16200 215 185 150 45 20 6
0.5000 16300 215 185 150 45 20 6
0.5000 16400 215 185 150 45 20 6
0.5000 16500 215 185 150 45 20 6
0.5000 16600 215 185 150 45 20 6
0.5000 16700 215 185 150 45 20 6
0.5000 16800 215 185 150 45 20 6
0.5000 16900 215 185 150 45 20 6
0.5000 17000 215 185 150 45 20 6
0.5000 17100 215 185 150 45 20 7
0.5000 17200 215 185 150 45 20 7
0.5000 17300 215 185 150 45 20 7
0.5000 17400 215 185 150 45 20 7
0.5000 17500 216 184 151 45 20 7
0.5000 17600 216 184 151 45 20 7
0.5000 17700 216 184 151 45 20 7
0.5000 17800 216 184 150 46 20 7
0.5000 17900 216 184 149 47 20 7
0.5000 18000 216 184 149 47 20 7
0.5000 18100 216 184 149 47 20 7
0.5000 18200 216 184 149 47 20 7
0.5000 18300 216 184 149 47 20 7
0.5000 18400 216 184 149 47 20 7
0.5000 18500 216 184 149 47 20 7
0.5000 18600 216 184 149 47 20 7
0.5000 18700 216 184 149 47 20 7
0.5000 18800 216 184 149 47 20 7
0.5000 18900 216 184 149 47 20 7
0.5000 19000 216 184 149 47 20 7
0.5000 19100 216 184 149 47 20 7
0.5000 19200 216 184 149 47 20 7
0.5000 19300 216 184 149 47 20 7
0.5000 19400 216 184 149 47 20 8
0.5000 19500 216 184 149 47 20 8
0.5000 19600 216 184 149 47 20 8
0.5000 19700 217 183 150 47 20 8
0.5000 19800 217 183 150 47 20 8
0.5000 19900 217 183 150 47 20 8
0.5000 20000 217 183 150 47 20 8
0.5000 20100 217 183 150 47 20 8
0.5000 20200 217 183 150 47 20 8
0.5000 20300 217 183 150 47 20 8
0.5000 20400 217 183 150 47 20 8
0.5000 20500 217 183 150 47 20 8
0.5000 20600 217 183 150 47 20 8
0.5000 20700 217 183 150 47 20 8
0.5000 20800 217 183 150 47 20 8
0.5000 20900 217 183 150 47 20 8
0.5000 21000 217 183 150 47 20 8
0.5000 21100 217 183 150 47 20 8
0.5000 21200 217 183 150 47 20 8
0.5000 21300 217 183 150 47 20 8
0.5000 21400 217 183 150 47 20 8
0.5000 21500 217 183 150 47 20 8
0.5000 21600 217 183 150 47 20 8
0.5000 21700 217 183 150 47 20 8
0.5000 21800 217 183 150 47 20 8
0.5000 21900 217 183 150 47 20 8
0.5000 22000 217 183 150 47 20 8
0.5000 22100 217 183 150 47 20 8
0.5000 22200 217 183 150 47 20 8
0.5000 22300 217 183 150 47 20 8
0.5000 22400 217 183 150 47 20 8
0.5000 22500 217 183 150 47 20 8
0.5000 22600 217 183 150 47 20 8
0.5000 22700 217 183 150 47 20 9
0.5000 22800 217 183 150 47 20 9
0.5000 22900 217 183 150 47 20 9
0.5000 23000 217 183 150 47 20 9
0.5000 23100 217 183 150 47 20 9
0.5000 23200 217 183 150 47 20 9
0.5000 23300 217 183 150 47 20 9
0.5000 23400 217 183 150 47 20 9
0.5000 23500 217 183 150 47 20 9
0.5000 23600 217 183 150 47 20 9
0.5000 23700 218 182 151 47 20 9
0.5000 23800 218 182 151 47 20 9
0.5000 23900 218 182 151 47 20 9
0.5000 24000 218 182 151 47 20 9
0.5000 24100 218 182 151 47 20 9
0.5000 24200 218 182 151 47 20 9
0.5000 24300 218 182 151 47 20 9
0.5000 24400 218 182 151 47 20 9
0.5000 24500 218 182 151 47 20 9
0.5000 24600 218 182 151 47 20 9
0.5000 24700 218 182 151 47 20 9
0.5000 24800 218 182 151 47 20 9
0.5000 24900 218 182 151 47 20 10
0.5000 25000 218 182 151 47 20 10
0.5000 25100 218 182 151 47 20 10
0.5000 25200 218 182 151 47 20 10
0.5000 25300 218 182 151 47 20 10
0.5000 25400 218 182 151 47 20 10
0.5000 25500 218 182 151 47 20 10
0.5000 25600 218 182 151 47 20 10
0.5000 25700 218 182 151 47 20 10
0.5000 25800 218 182 151 47 20 10
0.5000 25900 218 182 151 47 20 10
0.5000 26000 218 182 151 47 20 10
0.5000 26100 218 182 151 47 20 10
0.5000 26200 218 182 151 47 20 10
0.5000 26300 218 182 151 47 20 10
0.5000 26400 218 182 151 47 20 10
0.5000 26500 218 182 151 47 20 10
0.5000 26600 218 182 151 47 20 10
0.5000 26700 218 182 151 47 20 10
0.5000 26800 218 182 151 47 20 10
0.5000 26900 218 182 151 47 20 10
0.5000 27000 218 182 151 47 20 10
0.5000 27100 218 182 151 47 20 11
0.5000 27200 218 182 151 47 20 11
0.5000 27300 218 182 151 47 20 11
0.5000 27400 218 182 151 47 20 11
0.5000 27500 218 182 151 47 20 11
0.5000 27600 218 182 151 47 20 11
0.5000 27700 218 182 151 47 20 11
0.5000 27800 219 181 152 47 20 11
0.5000 27900 219 181 152 47 20 11
0.5000 28000 219 181 152 47 20 11
0.5000 28100 219 181 152 47 20 11
0.5000 28200 219 181 152 47 20 11
0.5000 28300 219 181 152 47 20 11
0.5000 28400 220 180 153 47 20 11
0.5000 28500 220 180 153 47 20 11
0.5000 28600 220 180 153 47 20 11
0.5000 28700 220 180 153 47 20 11
0.5000 28800 220 180 153 47 20 11
0.5000 28900 220 180 153 47 20 11
0.5000 29000 220 180 153 47 20 11
0.5000 29100 220 180 153 47 20 11
0.5000 29200 220 180 153 47 20 11
0.5000 29300 220 180 153 47 20 11
0.5000 29400 220 180 153 47 20 11
0.5000 29500 220 180 153 47 20 11
0.5000 29600 220 180 153 47 20 11
0.5000 29700 220 180 153 47 20 11
0.5000 29800 220 180 153 47 20 12
0.5000 29900 220 180 153 47 20 12
0.5000 30000 220 180 153 47 20 12
0.5000 0 1 399 0 1 0 0
0.5000 100 4 396 2 2 0 0
0.5000 200 10 390 8 2 0 0
0.5000 300 11 389 9 2 0 0
0.5000 400 11 389 9 2 0 0
0.5000 500 13 387 8 5 0 0
0.5000 600 17 383 11 6 0 0
0.5000 700 20 380 14 6 0 0
0.5000 800 25 375 19 6 0 0
0.5000 900 29 371 23 6 0 0
0.5000 1000 31 369 25 6 0 0
0.5000 1100 35 365 24 11 0 0
0.5000 1200 40 360 26 14 0 0
0.5000 1300 43 357 29 14 0 0
0.5000 1400 43 357 29 14 0 0
0.5000 1500 45 355 29 16 0 0
0.5000 1600 46 354 29 17 0 0
0.5000 1700 48 352 29 19 0 0
0.5000 1800 49 351 29 20 0 0
0.5000 1900 50 350 30 20 0 0
0.5000 2000 53 347 33 20 0 0
0.5000 2100 58 342 38 20 0 0
0.5000 2200 61 339 40 20 1 0
0.5000 2300 63 337 42 20 1 1
0.5000 2400 65 335 44 20 1 1
0.5000 2500 68 332 45 22 1 1
0.5000 2600 73 327 50 22 1 1
0.5000 2700 78 322 55 22 1 1
0.5000 2800 82 318 59 22 1 1
0.5000 2900 85 315 62 22 1 1
0.5000 3000 87 313 64 22 1 1
0.5000 3100 91 309 68 22 1 1
0.5000 3200 94 306 71 22 1 1
0.5000 3300 96 304 73 22 1 1
0.5000 3400 98 302 75 22 1 1
0.5000 3500 99 301 76 22 1 1
0.5000 3600 99 301 76 22 1 1
0.5000 3700 99 301 76 22 1 1
0.5000 3800 100 300 77 22 1 1
0.5000 3900 104 296 81 22 1 1
0.5000 4000 104 296 81 22 1 1
0.5000 4100 104 296 81 22 1 1
0.5000 4200 105 295 82 22 1 1
0.5000 4300 105 295 81 23 1 1
0.5000 4400 105 295 81 23 1 1
0.5000 4500 105 295 81 23 1 1
0.5000 4600 106 294 81 24 1 1
0.5000 4700 106 294 81 24 1 1
0.5000 4800 108 292 83 24 1 1
0.5000 4900 109 291 83 25 1 1
0.5000 5000 114 286 88 25 1 1
0.5000 5100 116 284 90 25 1 1
0.5000 5200 121 279 95 25 1 1
0.5000 5300 122 278 96 25 1 1
0.5000 5400 122 278 96 25 1 1
0.5000 5500 122 278 95 26 1 1
0.5000 5600 125 275 98 26 1 1
0.5000 5700 129 271 101 27 1 1
0.5000 5800 134 266 103 30 1 1
0.5000 5900 137 263 106 30 1 1
0.5000 6000 140 260 109 30 1 1
0.5000 6100 143 257 109 33 1 1
0.5000 6200 145 255 111 33 1 1
0.5000 6300 146 254 111 34 1 1
0.5000 6400 147 253 112 34 1 1
0.5000 6500 150 250 115 34 1 1
0.5000 6600 151 249 116 34 1 1
0.5000 6700 151 249 116 34 1 1
0.5000 6800 151 249 116 34 1 1
0.5000 6900 152 248 117 34 1 1
0.5000 7000 156 244 121 34 1 1
0.5000 7100 157 243 122 34 1 1
0.5000 7200 157 243 122 34 1 1
0.5000 7300 157 243 122 34 1 1
0.5000 7400 157 243 121 35 1 1
0.5000 7500 157 243 120 36 1 1
0.5000 7600 157 243 120 36 1 1
0.5000 7700 157 243 120 36 1 1
0.5000 7800 158 242 121 36 1 1
0.5000 7900 158 242 121 36 1 1
0.5000 8000 159 241 122 36 1 1
0.5000 8100 161 239 124 36 1 1
0.5000 8200 163 237 124 36 3 1
0.5000 8300 165 235 124 36 5 1
0.5000 8400 167 233 124 36 7 1
0.5000 8500 167 233 124 36 7 1
0.5000 8600 168 232 125 36 7 2
0.5000 8700 171 229 128 36 7 2
0.5000 8800 171 229 127 37 7 2
0.5000 8900 174 226 130 37 7 2
0.5000 9000 177 223 133 37 7 2
0.5000 9100 177 223 133 37 7 2
0.5000 9200 177 223 133 37 7 2
0.5000 9300 177 223 133 37 7 2
0.5000 9400 177 223 133 37 7 2
0.5000 9500 177 223 133 37 7 2
0.5000 9600 177 223 132 38 7 2
0.5000 9700 177 223 132 38 7 2
0.5000 9800 178 222 132 38 8 2
0.5000 9900 181 219 133 38 10 2
0.5000 10000 183 217 133 38 12 2
0.5000 10100 183 217 133 38 12 2
0.5000 10200 183 217 133 38 12 2
0.5000 10300 183 217 133 38 12 2
0.5000 10400 183 217 133 38 12 2
0.5000 10500 183 217 133 38 12 2
0.5000 10600 183 217 133 38 12 2
0.5000 10700 183 217 133 38 12 2
0.5000 10800 184 216 133 39 12 2
0.5000 10900 187 213 133 42 12 2
0.5000 11000 189 211 135 42 12 2
0.5000 11100 190 210 136 42 12 2
0.5000 11200 191 209 137 42 12 2
0.5000 11300 191 209 137 42 12 2
0.5000 11400 191 209 137 42 12 2
0.5000 11500 193 207 139 42 12 2
0.5000 11600 195 205 141 42 12 2
0.5000 11700 195 205 141 42 12 2
0.5000 11800 195 205 141 42 12 2
0.5000 11900 195 205 141 42 12 2
0.5000 12000 196 204 142 42 12 2
0.5000 12100 196 204 142 42 12 2
0.5000 12200 196 204 142 42 12 2
0.5000 12300 196 204 142 42 12 2
0.5000 12400 196 204 142 42 12 2
0.5000 12500 197 203 143 42 12 2
0.5000 12600 197 203 143 42 12 2
0.5000 12700 197 203 143 42 12 2
0.5000 12800 197 203 143 42 12 2
0.5000 12900 197 203 143 42 12 2
0.5000 13000 198 202 143 42 13 2
0.5000 13100 198 202 143 42 13 2
0.5000 13200 198 202 143 42 13 3
0.5000 13300 198 202 143 42 13 3
0.5000 13400 198 202 143 42 13 3
0.5000 13500 198 202 143 42 13 3
0.5000 13600 198 202 143 42 13 3
0.5000 13700 198 202 143 42 13 3
0.5000 13800 199 201 144 42 13 3
0.5000 13900 199 201 144 42 13 3
0.5000 14000 199 201 144 42 13 3
0.5000 14100 199 201 144 42 13 3
0.5000 14200 199 201 144 42 13 3
0.5000 14300 199 201 144 42 13 3
0.5000 14400 199 201 144 42 13 3
0.5000 14500 200 200 145 42 13 3
0.5000 14600 200 200 145 42 13 3
0.5000 14700 201 199 146 42 13 3
0.5000 14800 201 199 146 42 13 3
0.5000 14900 204 196 149 42 13 3
0.5000 15000 207 193 152 42 13 3
0.5000 15100 209 191 154 42 13 3
0.5000 15200 212 188 157 42 13 3
0.5000 15300 213 187 158 42 13 3
0.5000 15400 214 186 159 42 13 3
0.5000 15500 215 185 160 42 13 3
0.5000 15600 215 185 160 42 13 3
0.5000 15700 216 184 161 42 13 3
0.5000 15800 216 184 161 42 13 3
0.5000 15900 216 184 161 42 13 3
0.5000 16000 216 184 161 42 13 3
0.5000 16100 216 184 161 42 13 3
0.5000 16200 218 182 161 42 15 3
0.5000 16300 220 180 162 42 16 3
0.5000 16400 220 180 162 42 16 3
0.5000 16500 220 180 162 42 16 3
0.5000 16600 220 180 162 42 16 3
0.5000 16700 220 180 162 42 16 3
0.5000 16800 220 180 162 42 16 3
0.5000 16900 220 180 162 42 16 3
0.5000 17000 220 180 162 42 16 3
0.5000 17100 220 180 162 42 16 3
0.5000 17200 220 180 162 42 16 3
0.5000 17300 220 180 162 42 16 3
0.5000 17400 220 180 162 42 16 3
0.5000 17500 220 180 162 42 16 3
0.5000 17600 220 180 162 42 16 3
0.5000 17700 220 180 162 42 16 3
0.5000 17800 220 180 162 42 16 3
0.5000 17900 220 180 162 42 16 3
0.5000 18000 220 180 162 42 16 3
0.5000 18100 220 180 162 42 16 3
0.5000 18200 220 180 162 42 16 3
0.5000 18300 220 180 162 42 16 3
0.5000 18400 220 180 162 42 16 3
0.5000 18500 220 180 162 42 16 3
0.5000 18600 222 178 164 42 16 3
0.5000 18700 222 178 164 42 16 3
0.5000 18800 222 178 164 42 16 3
0.5000 18900 222 178 164 42 16 3
0.5000 19000 222 178 164 42 16 3
0.5000 19100 222 178 164 42 16 3
0.5000 19200 222 178 164 42 16 3
0.5000 19300 223 177 165 42 16 3
0.5000 19400 223 177 165 42 16 3
0.5000 19500 223 177 165 42 16 3
0.5000 19600 223 177 165 42 16 3
0.5000 19700 223 177 165 42 16 3
0.5000 19800 223 177 165 42 16 3
0.5000 19900 223 177 165 42 16 3
0.5000 20000 223 177 165 42 16 3
0.5000 20100 223 177 165 42 16 3
0.5000 20200 223 177 165 42 16 3
0.5000 20300 223 177 165 42 16 3
0.5000 20400 223 177 165 42 16 3
0.5000 20500 223 177 165 42 16 3
0.5000 20600 223 177 165 42 16 4
0.5000 20700 223 177 165 42 16 4
0.5000 20800 223 177 165 42 16 4
0.5000 20900 223 177 165 42 16 4
0.5000 21000 223 177 165 42 16 4
0.5000 21100 223 177 165 42 16 4
0.5000 21200 223 177 165 42 16 4
0.5000 21300 223 177 165 42 16 4
0.5000 21400 224 176 166 42 16 4
0.5000 21500 224 176 166 42 16 4
0.5000 21600 225 175 167 42 16 4
0.5000 21700 225 175 167 42 16 4
0.5000 21800 226 174 168 42 16 4
0.5000 21900 226 174 168 42 16 4
0.5000 22000 226 174 168 42 16 4
0.5000 22100 226 174 168 42 16 4
0.5000 22200 226 174 168 42 16 4
0.5000 22300 226 174 168 42 16 4
0.5000 22400 230 170 172 42 16 4
0.5000 22500 232 168 174 42 16 4
0.5000 22600 232 168 174 42 16 4
0.5000 22700 232 168 174 42 16 4
0.5000 22800 232 168 174 42 16 4
0.5000 22900 232 168 174 42 16 4
0.5000 23000 232 168 174 42 16 4
0.5000 23100 233 167 175 42 16 4
0.5000 23200 233 167 175 42 16 4
0.5000 23300 233 167 175 42 16 4
0.5000 23400 233 167 175 42 16 4
0.5000 23500 233 167 175 42 16 4
0.5000 23600 233 167 175 42 16 4
0.5000 23700 233 167 175 42 16 4
0.5000 23800 233 167 175 42 16 4
0.5000 23900 233 167 175 42 16 4
0.5000 24000 233 167 175 42 16 4
0.5000 24100 233 167 175 42 16 4
0.5000 24200 233 167 175 42 16 4
0.5000 24300 233 167 175 42 16 4
0.5000 24400 233 167 175 42 16 4
0.5000 24500 233 167 175 42 16 5
0.5000 24600 233 167 175 42 16 5
0.5000 24700 233 167 175 42 16 5
0.5000 24800 233 167 175 42 16 5
0.5000 24900 233 167 174 43 16 5
0.5000 25000 233 167 174 43 16 5
0.5000 25100 233 167 174 43 16 5
0.5000 25200 234 166 174 44 16 5
0.5000 25300 234 166 174 44 16 5
0.5000 25400 234 166 174 44 16 5
0.5000 25500 234 166 174 44 16 5
0.5000 25600 235 165 174 45 16 5
0.5000 25700 235 165 174 45 16 5
0.5000 25800 235 165 174 45 16 5
0.5000 25900 235 165 174 45 16 5
0.5000 26000 235 165 174 45 16 5
0.5000 26100 236 164 175 45 16 5
0.5000 26200 236 164 175 45 16 5
0.5000 26300 236 164 175 45 16 5
0.5000 26400 236 164 175 45 16 5
0.5000 26500 236 164 175 45 16 5
0.5000 26600 236 164 175 45 16 5
0.5000 26700 236 164 175 45 16 5
0.5000 26800 236 164 175 45 16 5
0.5000 26900 236 164 175 45 16 5
0.5000 27000 236 164 175 45 16 5
0.5000 27100 236 164 175 45 16 5
0.5000 27200 236 164 175 45 16 6
0.5000 27300 236 164 175 45 16 6
0.5000 27400 236 164 175 45 16 6
0.5000 27500 236 164 175 45 16 6
0.5000 27600 236 164 175 45 16 6
0.5000 27700 238 162 177 45 16 6
0.5000 27800 240 160 179 45 16 6
0.5000 27900 241 159 180 45 16 6
0.5000 28000 241 159 180 45 16 6
0.5000 28100 241 159 180 45 16 6
0.5000 28200 241 159 180 45 16 6
0.5000 28300 241 159 180 45 16 6
0.5000 28400 241 159 180 45 16 6
0.5000 28500 241 159 180 45 16 6
0.5000 28600 241 159 180 45 16 6
0.5000 28700 241 159 180 45 16 6
0.5000 28800 242 158 181 45 16 6
0.5000 28900 242 158 181 45 16 6
0.5000 29000 242 158 181 45 16 6
0.5000 29100 242 158 181 45 16 6
0.5000 29200 242 158 181 45 16 6
0.5000 29300 242 158 181 45 16 6
0.5000 29400 242 158 181 45 16 6
0.5000 29500 242 158 181 45 16 6
0.5000 29600 242 158 181 45 16 6
0.5000 29700 242 158 181 45 16 6
0.5000 29800 243 157 182 45 16 6
0.5000 29900 243 157 182 45 16 6
0.5000 30000 244 156 183 45 16 6
0.5000 0 1 399 0 1 0 0
0.5000 100 6 394 4 2 0 0
0.5000 200 10 390 8 2 0 0
0.5000 300 12 388 9 2 1 0
0.5000 400 18 382 12 2 4 0
0.5000 500 22 378 16 2 4 1
0.5000 600 27 373 21 2 4 1
0.5000 700 32 368 22 6 4 1
0.5000 800 37 363 26 7 4 1
0.5000 900 42 358 31 7 4 1
0.5000 1000 46 354 35 7 4 1
0.5000 1100 47 353 36 7 4 1
0.5000 1200 50 350 39 7 4 1
0.5000 1300 52 348 41 7 4 1
0.5000 1400 55 345 44 7 4 1
0.5000 1500 59 341 45 10 4 1
0.5000 1600 63 337 48 11 4 1
0.5000 1700 68 332 53 11 4 1
0.5000 1800 73 327 58 11 4 1
0.5000 1900 75 325 60 11 4 1
0.5000 2000 79 321 64 11 4 1
0.5000 2100 80 320 65 11 4 1
0.5000 2200 80 320 65 11 4 1
0.5000 2300 80 320 64 12 4 1
0.5000 2400 80 320 64 12 4 1
0.5000 2500 83 317 64 15 4 1
0.5000 2600 85 315 65 16 4 1
0.5000 2700 89 311 69 16 4 1
0.5000 2800 89 311 69 16 4 1
0.5000 2900 92 308 72 16 4 1
0.5000 3000 96 304 76 16 4 1
0.5000 3100 97 303 77 16 4 1
0.5000 3200 97 303 77 16 4 1
0.5000 3300 97 303 77 16 4 1
0.5000 3400 99 301 79 16 4 1
0.5000 3500 101 299 80 17 4 1
0.5000 3600 103 297 82 17 4 1
0.5000 3700 105 295 84 17 4 1
0.5000 3800 106 294 82 20 4 1
0.5000 3900 110 290 85 21 4 1
0.5000 4000 113 287 88 21 4 1
0.5000 4100 116 284 91 21 4 1
0.5000 4200 118 282 93 21 4 1
0.5000 4300 120 280 95 21 4 1
0.5000 4400 122 278 95 23 4 1
0.5000 4500 125 275 98 23 4 1
0.5000 4600 130 270 103 23 4 1
0.5000 4700 131 269 104 23 4 1
0.5000 4800 131 269 104 23 4 1
0.5000 4900 131 269 104 23 4 1
0.5000 5000 131 269 104 23 4 1
0.5000 5100 131 269 104 23 4 1
0.5000 5200 131 269 104 23 4 1
0.5000 5300 132 268 105 23 4 1
0.5000 5400 134 266 107 23 4 1
0.5000 5500 139 261 107 28 4 1
0.5000 5600 142 258 108 30 4 1
0.5000 5700 145 255 111 30 4 1
0.5000 5800 147 253 113 30 4 1
0.5000 5900 147 253 112 31 4 1
0.5000 6000 147 253 112 31 4 1
0.5000 6100 147 253 112 31 4 1
0.5000 6200 148 252 113 31 4 1
0.5000 6300 148 252 113 31 4 1
0.5000 6400 153 247 118 31 4 1
0.5000 6500 155 245 120 31 4 1
0.5000 6600 159 241 124 31 4 1
0.5000 6700 162 238 127 31 4 1
0.5000 6800 164 236 129 31 4 1
0.5000 6900 164 236 129 31 4 1
0.5000 7000 165 235 130 31 4 1
0.5000 7100 166 234 131 31 4 1
0.5000 7200 167 233 132 31 4 1
0.5000 7300 168 232 133 31 4 1
0.5000 7400 168 232 133 31 4 1
0.5000 7500 168 232 132 32 4 1
0.5000 7600 168 232 132 32 4 1
0.5000 7700 168 232 132 32 4 1
0.5000 7800 170 230 134 32 4 1
0.5000 7900 170 230 134 32 4 1
0.5000 8000 171 229 135 32 4 1
0.5000 8100 173 227 137 32 4 1
0.5000 8200 175 225 137 32 6 1
0.5000 8300 177 223 137 32 8 1
0.5000 8400 181 219 138 32 11 1
0.5000 8500 182 218 138 32 12 1
0.5000 8600 183 217 139 32 12 1
0.5000 8700 185 215 141 32 12 1
0.5000 8800 187 213 141 32 14 1
0.5000 8900 187 213 141 32 14 1
0.5000 9000 188 212 142 32 14 1
0.5000 9100 189 211 143 32 14 1
0.5000 9200 189 211 143 32 14 1
0.5000 9300 189 211 143 32 14 1
0.5000 9400 189 211 143 32 14 1
0.5000 9500 191 209 143 34 14 1
0.5000 9600 193 207 144 35 14 1
0.5000 9700 194 206 145 35 14 1
0.5000 9800 197 203 148 35 14 1
0.5000 9900 197 203 148 35 14 1
0.5000 10000 198 202 149 35 14 1
0.5000 10100 200 200 151 35 14 1
0.5000 10200 202 198 153 35 14 1
0.5000 10300 205 195 156 35 14 1
0.5000 10400 205 195 156 35 14 1
0.5000 10500 205 195 156 35 14 1
0.5000 10600 205 195 156 35 14 1
0.5000 10700 205 195 156 35 14 1
0.5000 10800 205 195 156 35 14 1
0.5000 10900 205 195 155 35 15 1
0.5000 11000 205 195 155 35 15 1
0.5000 11100 205 195 154 35 16 1
0.5000 11200 205 195 154 35 16 1
0.5000 11300 205 195 154 35 16 1
0.5000 11400 205 195 154 35 16 1
0.5000 11500 206 194 155 35 16 1
0.5000 11600 207 193 156 35 16 1
0.5000 11700 207 193 156 35 16 1
0.5000 11800 207 193 156 35 16 1
0.5000 11900 207 193 156 35 16 1
0.5000 12000 207 193 156 35 16 1
0.5000 12100 207 193 156 35 16 1
0.5000 12200 209 191 156 37 16 1
0.5000 12300 210 190 156 38 16 1
0.5000 12400 211 189 157 38 16 1
0.5000 12500 211 189 156 39 16 1
0.5000 12600 212 188 157 39 16 1
0.5000 12700 212 188 157 39 16 1
0.5000 12800 212 188 157 39 16 1
0.5000 12900 213 187 158 39 16 1
0.5000 13000 213 187 158 39 16 1
0.5000 13100 213 187 158 39 16 1
0.5000 13200 213 187 158 39 16 1
0.5000 13300 213 187 158 39 16 1
0.5000 13400 213 187 158 39 16 1
0.5000 13500 213 187 158 39 16 1
0.5000 13600 213 187 158 39 16 1
0.5000 13700 213 187 158 39 16 1
0.5000 13800 213 187 158 39 16 1
0.5000 13900 213 187 158 39 16 1
0.5000 14000 213 187 158 39 16 1
0.5000 14100 214 186 159 39 16 1
0.5000 14200 214 186 159 39 16 1
0.5000 14300 214 186 159 39 16 1
0.5000 14400 214 186 159 39 16 1
0.5000 14500 215 185 160 39 16 1
0.5000 14600 216 184 161 39 16 1
0.5000 14700 216 184 161 39 16 1
0.5000 14800 216 184 161 39 16 1
0.5000 14900 216 184 160 40 16 1
0.5000 15000 216 184 160 40 16 1
0.5000 15100 216 184 159 41 16 1
0.5000 15200 216 184 159 41 16 1
0.5000 15300 216 184 159 41 16 1
0.5000 15400 217 183 160 41 16 1
0.5000 15500 217 183 160 41 16 1
0.5000 15600 217 183 160 41 16 1
0.5000 15700 217 183 160 41 16 1
0.5000 15800 217 183 160 41 16 1
0.5000 15900 218 182 161 41 16 1
0.5000 16000 218 182 161 41 16 1
0.5000 16100 219 181 162 41 16 1
0.5000 16200 219 181 162 41 16 1
0.5000 16300 220 180 162 41 17 1
0.5000 16400 220 180 162 41 17 1
0.5000 16500 224 176 166 41 17 1
0.5000 16600 225 175 167 41 17 1
0.5000 16700 227 173 169 41 17 1
0.5000 16800 227 173 169 41 17 1
0.5000 16900 227 173 169 41 17 1
0.5000 17000 227 173 169 41 17 1
0.5000 17100 227 173 169 41 17 1
0.5000 17200 227 173 169 41 17 1
0.5000 17300 228 172 170 41 17 1
0.5000 17400 228 172 170 41 17 1
0.5000 17500 229 171 171 41 17 1
0.5000 17600 229 171 171 41 17 1
0.5000 17700 229 171 171 41 17 1
0.5000 17800 229 171 171 41 17 1
0.5000 17900 229 171 171 41 17 1
0.5000 18000 229 171 171 41 17 1
0.5000 18100 229 171 171 41 17 1
0.5000 18200 229 171 171 41 17 1
0.5000 18300 229 171 171 41 17 1
0.5000 18400 229 171 171 41 17 1
0.5000 18500 229 171 171 41 17 1
0.5000 18600 229 171 171 41 17 1
0.5000 18700 229 171 171 41 17 1
0.5000 18800 229 171 171 41 17 1
0.5000 18900 229 171 170 42 17 1
0.5000 19000 230 170 170 43 17 1
0.5000 19100 230 170 170 43 17 1
0.5000 19200 230 170 170 43 17 1
0.5000 19300 230 170 170 43 17 1
0.5000 19400 230 170 170 43 17 1
0.5000 19500 230 170 170 43 17 1
0.5000 19600 230 170 170 43 17 1
0.5000 19700 230 170 170 43 17 1
0.5000 19800 230 170 170 43 17 1
0.5000 19900 230 170 170 43 17 1
0.5000 20000 230 170 170 43 17 1
0.5000 20100 230 170 170 43 17 1
0.5000 20200 230 170 170 43 17 1
0.5000 20300 230 170 170 43 17 1
0.5000 20400 230 170 170 43 17 1
0.5000 20500 230 170 170 43 17 1
0.5000 20600 230 170 170 43 17 1
0.5000 20700 230 170 170 43 17 1
0.5000 20800 230 170 170 43 17 1
0.5000 20900 230 170 170 43 17 1
0.5000 21000 230 170 170 43 17 1
0.5000 21100 230 170 170 43 17 1
0.5000 21200 230 170 170 43 17 1
0.5000 21300 231 169 171 43 17 1
0.5000 21400 232 168 172 43 17 1
0.5000 21500 232 168 172 43 17 1
0.5000 21600 233 167 173 43 17 1
0.5000 21700 234 166 174 43 17 1
0.5000 21800 234 166 174 43 17 1
0.5000 21900 234 166 174 43 17 1
0.5000 22000 234 166 174 43 17 1
0.5000 22100 234 166 174 43 17 1
0.5000 22200 235 165 175 43 17 1
0.5000 22300 235 165 175 43 17 1
0.5000 22400 235 165 175 43 17 1
0.5000 22500 235 165 175 43 17 1
0.5000 22600 235 165 175 43 17 1
0.5000 22700 235 165 175 43 17 1
0.5000 22800 235 165 175 43 17 1
0.5000 22900 235 165 175 43 17 1
0.5000 23000 235 165 175 43 17 1
0.5000 23100 235 165 175 43 17 1
0.5000 23200 235 165 175 43 17 1
0.5000 23300 236 164 176 43 17 1
0.5000 23400 236 164 175 44 17 1
0.5000 23500 237 163 175 45 17 1
0.5000 23600 237 163 175 45 17 1
0.5000 23700 237 163 175 45 17 1
0.5000 23800 237 163 175 45 17 1
0.5000 23900 237 163 175 45 17 1
0.5000 24000 237 163 175 45 17 1
0.5000 24100 237 163 175 45 17 1
0.5000 24200 237 163 175 45 17 1
0.5000 24300 237 163 175 45 17 1
0.5000 24400 237 163 175 45 17 1
0.5000 24500 237 163 175 45 17 1
0.5000 24600 237 163 175 45 17 1
0.5000 24700 237 163 175 45 17 1
0.5000 24800 237 163 175 45 17 1
0.5000 24900 237 163 175 45 17 1
0.5000 25000 237 163 175 45 17 1
0.5000 25100 237 163 175 45 17 1
0.5000 25200 237 163 175 45 17 1
0.5000 25300 237 163 175 45 17 1
0.5000 25400 237 163 175 45 17 1
0.5000 25500 237 163 175 45 17 1
0.5000 25600 237 163 175 45 17 1
0.5000 25700 237 163 175 45 17 1
0.5000 25800 237 163 175 45 17 1
0.5000 25900 237 163 175 45 17 1
0.5000 26000 237 163 175 45 17 1
0.5000 26100 238 162 176 45 17 1
0.5000 26200 238 162 176 45 17 1
0.5000 26300 238 162 176 45 17 1
0.5000 26400 238 162 176 45 17 1
0.5000 26500 238 162 175 46 17 1
0.5000 26600 238 162 175 46 17 1
0.5000 26700 238 162 175 46 17 1
0.5000 26800 238 162 175 46 17 1
0.5000 26900 238 162 175 46 17 1
0.5000 27000 238 162 175 46 17 1
0.5000 27100 238 162 175 46 17 1
0.5000 27200 238 162 175 46 17 1
0.5000 27300 239 161 175 47 17 1
0.5000 27400 239 161 175 47 17 1
0.5000 27500 240 160 176 47 17 1
0.5000 27600 240 160 176 47 17 1
0.5000 27700 240 160 176 47 17 1
0.5000 27800 240 160 176 47 17 1
0.5000 27900 240 160 176 47 17 1
0.5000 28000 240 160 176 47 17 1
0.5000 28100 240 160 176 47 17 1
0.5000 28200 240 160 176 47 17 1
0.5000 28300 240 160 176 47 17 1
0.5000 28400 240 160 176 47 17 1
0.5000 28500 240 160 176 47 17 1
0.5000 28600 240 160 176 47 17 1
0.5000 28700 240 160 176 47 17 1
0.5000 28800 240 160 176 47 17 1
0.5000 28900 240 160 176 47 17 1
0.5000 29000 240 160 176 47 17 1
0.5000 29100 240 160 176 47 17 1
0.5000 29200 240 160 176 47 17 1
0.5000 29300 240 160 176 47 17 1
0.5000 29400 240 160 176 47 17 1
0.5000 29500 240 160 176 47 17 1
0.5000 29600 240 160 176 47 17 1
0.5000 29700 240 160 176 47 17 1
0.5000 29800 240 160 176 47 17 1
0.5000 29900 240 160 176 47 17 1
0.5000 30000 241 159 177 47 17 1
0.5000 0 1 399 0 1 0 0
0.5000 100 4 396 2 2 0 0
0.5000 200 8 392 6 2 0 0
0.5000 300 12 388 10 2 0 0
0.5000 400 14 386 12 2 0 0
0.5000 500 18 382 16 2 0 0
0.5000 600 23 377 21 2 0 0
0.5000 700 26 374 24 2 0 0
0.5000 800 30 370 28 2 0 0
0.5000 900 34 366 32 2 0 0
0.5000 1000 40 360 33 7 0 0
0.5000 1100 44 356 35 9 0 0
0.5000 1200 49 351 40 9 0 0
0.5000 1300 53 347 44 9 0 0
0.5000 1400 59 341 44 9 6 0
0.5000 1500 60 340 44 9 7 0
0.5000 1600 61 339 45 9 7 0
0.5000 1700 64 336 48 9 7 0
0.5000 1800 70 330 54 9 7 0
0.5000 1900 74 326 58 9 7 0
0.5000 2000 76 324 59 10 7 0
0.5000 2100 76 324 59 10 7 0
0.5000 2200 76 324 59 10 7 0
0.5000 2300 76 324 59 10 7 0
0.5000 2400 77 323 60 10 7 1
0.5000 2500 79 321 62 10 7 1
0.5000 2600 81 319 62 12 7 1
0.5000 2700 85 315 65 13 7 1
0.5000 2800 88 312 67 14 7 1
0.5000 2900 94 306 68 19 7 1
0.5000 3000 96 304 69 20 7 1
0.5000 3100 101 299 74 20 7 1
0.5000 3200 101 299 73 21 7 1
0.5000 3300 102 298 74 21 7 1
0.5000 3400 103 297 75 21 7 1
0.5000 3500 105 295 77 21 7 1
0.5000 3600 106 294 78 21 7 1
0.5000 3700 108 292 79 22 7 1
0.5000 3800 109 291 79 23 7 1
0.5000 3900 109 291 79 23 7 1
0.5000 4000 112 288 80 25 7 1
0.5000 4100 112 288 80 25 7 1
0.5000 4200 112 288 80 25 7 1
0.5000 4300 112 288 80 25 7 1
0.5000 4400 112 288 80 25 7 1
0.5000 4500 112 288 80 25 7 1
0.5000 4600 113 287 81 25 7 1
0.5000 4700 113 287 81 25 7 1
0.5000 4800 115 285 83 25 7 1
0.5000 4900 115 285 83 25 7 1
0.5000 5000 118 282 86 25 7 1
0.5000 5100 118 282 86 25 7 1
0.5000 5200 121 279 89 25 7 1
0.5000 5300 124 276 91 26 7 1
0.5000 5400 128 272 91 30 7 1
0.5000 5500 128 272 91 30 7 1
0.5000 5600 129 271 92 30 7 1
0.5000 5700 129 271 92 30 7 1
0.5000 5800 129 271 92 30 7 1
0.5000 5900 129 271 92 30 7 1
0.5000 6000 129 271 92 30 7 2
0.5000 6100 129 271 92 30 7 2
0.5000 6200 129 271 90 32 7 2
0.5000 6300 129 271 90 32 7 2
0.5000 6400 129 271 90 32 7 2
0.5000 6500 129 271 90 32 7 2
0.5000 6600 129 271 90 32 7 2
0.5000 6700 130 270 90 33 7 2
0.5000 6800 130 270 90 33 7 2
0.5000 6900 130 270 90 33 7 2
0.5000 7000 131 269 90 34 7 2
0.5000 7100 131 269 90 34 7 2
0.5000 7200 132 268 91 34 7 2
0.5000 7300 132 268 91 34 7 2
0.5000 7400 132 268 91 34 7 2
0.5000 7500 132 268 91 34 7 2
0.5000 7600 132 268 91 34 7 2
0.5000 7700 134 266 92 34 8 2
0.5000 7800 134 266 92 34 8 2
0.5000 7900 134 266 92 34 8 3
0.5000 8000 134 266 92 34 8 3
0.5000 8100 134 266 92 34 8 3
0.5000 8200 134 266 92 34 8 3
0.5000 8300 134 266 92 34 8 3
0.5000 8400 134 266 92 34 8 3
0.5000 8500 138 262 94 36 8 3
0.5000 8600 142 258 98 36 8 3
0.5000 8700 142 258 98 36 8 3
0.5000 8800 144 256 100 36 8 3
0.5000 8900 145 255 101 36 8 3
0.5000 9000 146 254 102 36 8 3
0.5000 9100 146 254 101 37 8 3
0.5000 9200 146 254 101 37 8 3
0.5000 9300 146 254 100 38 8 3
0.5000 9400 147 253 100 39 8 3
0.5000 9500 147 253 100 39 8 3
0.5000 9600 147 253 100 39 8 3
0.5000 9700 147 253 100 39 8 3
0.5000 9800 147 253 100 39 8 3
0.5000 9900 147 253 100 39 8 3
0.5000 10000 147 253 100 39 8 3
0.5000 10100 147 253 100 39 8 3
0.5000 10200 149 251 102 39 8 3
0.5000 10300 149 251 102 39 8 3
0.5000 10400 149 251 102 39 8 3
0.5000 10500 152 248 103 39 10 3
0.5000 10600 152 248 103 39 10 3
0.5000 10700 152 248 102 39 11 3
0.5000 10800 152 248 102 39 11 3
0.5000 10900 152 248 102 39 11 4
0.5000 11000 154 246 104 39 11 4
0.5000 11100 155 245 105 39 11 4
0.5000 11200 155 245 105 39 11 4
0.5000 11300 156 244 106 39 11 4
0.5000 11400 157 243 107 39 11 4
0.5000 11500 157 243 107 39 11 4
0.5000 11600 157 243 107 39 11 4
0.5000 11700 157 243 107 39 11 4
0.5000 11800 158 242 107 40 11 4
0.5000 11900 159 241 107 41 11 4
0.5000 12000 159 241 107 41 11 4
0.5000 12100 159 241 107 41 11 4
0.5000 12200 159 241 107 41 11 4
0.5000 12300 159 241 107 41 11 4
0.5000 12400 160 240 108 41 11 4
0.5000 12500 160 240 108 41 11 4
0.5000 12600 160 240 108 41 11 4
0.5000 12700 166 234 112 41 13 4
0.5000 12800 166 234 112 41 13 4
0.5000 12900 166 234 112 41 13 4
0.5000 13000 166 234 112 41 13 4
0.5000 13100 168 232 112 41 15 4
0.5000 13200 168 232 112 41 15 4
0.5000 13300 170 230 114 41 15 4
0.5000 13400 170 230 114 41 15 4
0.5000 13500 171 229 114 41 16 4
0.5000 13600 173 227 114 41 18 4
0.5000 13700 173 227 114 41 18 4
0.5000 13800 173 227 114 41 18 4
0.5000 13900 173 227 114 41 18 4
0.5000 14000 173 227 114 41 18 4
0.5000 14100 173 227 114 41 18 4
0.5000 14200 173 227 114 41 18 4
0.5000 14300 173 227 114 41 18 4
0.5000 14400 173 227 114 41 18 4
0.5000 14500 173 227 114 41 18 4
0.5000 14600 173 227 114 41 18 4
0.5000 14700 173 227 114 41 18 4
0.5000 14800 173 227 114 41 18 4
0.5000 14900 175 225 116 41 18 4
0.5000 15000 175 225 115 42 18 4
0.5000 15100 175 225 115 42 18 4
0.5000 15200 175 225 115 42 18 4
0.5000 15300 175 225 115 42 18 4
0.5000 15400 175 225 115 42 18 4
0.5000 15500 175 225 115 42 18 4
0.5000 15600 175 225 115 42 18 4
0.5000 15700 175 225 115 42 18 4
0.5000 15800 175 225 115 42 18 4
0.5000 15900 176 224 115 42 19 4
0.5000 16000 176 224 115 42 19 4
0.5000 16100 176 224 115 42 19 4
0.5000 16200 176 224 115 42 19 4
0.5000 16300 176 224 115 42 19 4
0.5000 16400 176 224 115 42 19 4
0.5000 16500 176 224 115 42 19 4
0.5000 16600 176 224 115 42 19 5
0.5000 16700 176 224 115 42 19 5
0.5000 16800 176 224 115 42 19 5
0.5000 16900 176 224 115 42 19 5
0.5000 17000 176 224 115 42 19 5
0.5000 17100 176 224 115 42 19 5
0.5000 17200 176 224 115 42 19 5
0.5000 17300 176 224 115 42 19 5
0.5000 17400 177 223 116 42 19 5
0.5000 17500 177 223 116 42 19 5
0.5000 17600 177 223 116 42 19 5
0.5000 17700 177 223 116 42 19 5
0.5000 17800 177 223 116 42 19 5
0.5000 17900 178 222 117 42 19 5
0.5000 18000 178 222 117 42 19 5
0.5000 18100 178 222 117 42 19 5
0.5000 18200 178 222 117 42 19 5
0.5000 18300 178 222 117 42 19 5
0.5000 18400 178 222 117 42 19 5
0.5000 18500 178 222 117 42 19 5
0.5000 18600 178 222 117 42 19 5
0.5000 18700 178 222 117 42 19 5
0.5000 18800 178 222 117 42 19 5
0.5000 18900 178 222 117 42 19 5
0.5000 19000 180 220 117 44 19 5
0.5000 19100 180 220 117 44 19 5
0.5000 19200 180 220 117 44 19 5
0.5000 19300 180 220 117 44 19 5
0.5000 19400 180 220 117 44 19 5
0.5000 19500 180 220 117 44 19 5
0.5000 19600 180 220 117 44 19 5
0.5000 19700 180 220 117 44 19 5
0.5000 19800 180 220 117 44 19 5
0.5000 19900 180 220 117 44 19 5
0.5000 20000 180 220 117 44 19 5
0.5000 20100 180 220 117 44 19 5
0.5000 20200 180 220 117 44 19 5
0.5000 20300 180 220 117 44 19 5
0.5000 20400 180 220 116 45 19 5
0.5000 20500 180 220 116 45 19 5
0.5000 20600 180 220 116 45 19 5
0.5000 20700 180 220 116 45 19 5
0.5000 20800 180 220 116 45 19 5
0.5000 20900 180 220 116 45 19 5
0.5000 21000 180 220 116 45 19 5
0.5000 21100 180 220 116 45 19 5
0.5000 21200 180 220 116 45 19 5
0.5000 21300 180 220 116 45 19 5
0.5000 21400 180 220 116 45 19 5
0.5000 21500 180 220 116 45 19 5
0.5000 21600 180 220 116 45 19 5
0.5000 21700 180 220 116 45 19 5
0.5000 21800 180 220 116 45 19 5
0.5000 21900 180 220 116 45 19 5
0.5000 22000 180 220 116 45 19 5
0.5000 22100 180 220 116 45 19 5
0.5000 22200 180 220 116 45 19 5
0.5000 22300 180 220 116 45 19 5
0.5000 22400 180 220 116 45 19 5
0.5000 22500 180 220 116 45 19 5
0.5000 22600 180 220 116 45 19 5
0.5000 22700 180 220 116 45 19 5
0.5000 22800 180 220 116 45 19 5
0.5000 22900 181 219 117 45 19 5
0.5000 23000 181 219 117 45 19 5
0.5000 23100 181 219 117 45 19 5
0.5000 23200 181 219 117 45 19 5
0.5000 23300 181 219 117 45 19 5
0.5000 23400 181 219 117 45 19 5
0.5000 23500 181 219 117 45 19 5
0.5000 23600 181 219 117 45 19 5
0.5000 23700 181 219 117 45 19 5
0.5000 23800 182 218 118 45 19 5
0.5000 23900 184 216 120 45 19 5
0.5000 24000 185 215 121 45 19 5
0.5000 24100 185 215 121 45 19 5
0.5000 24200 186 214 122 45 19 5
0.5000 24300 186 214 122 45 19 5
0.5000 24400 189 211 125 45 19 5
0.5000 24500 191 209 127 45 19 5
0.5000 24600 192 208 127 46 19 5
0.5000 24700 192 208 127 46 19 5
0.5000 24800 192 208 127 46 19 5
0.5000 24900 192 208 127 46 19 5
0.5000 25000 192 208 127 46 19 5
0.5000 25100 192 208 127 46 19 5
0.5000 25200 192 208 127 46 19 5
0.5000 25300 192 208 127 46 19 5
0.5000 25400 192 208 127 46 19 5
0.5000 25500 192 208 127 46 19 5
0.5000 25600 192 208 127 46 19 5
0.5000 25700 192 208 127 46 19 5
0.5000 25800 192 208 127 46 19 5
0.5000 25900 196 204 131 46 19 5
0.5000 26000 198 202 133 46 19 5
0.5000 26100 201 199 136 46 19 5
0.5000 26200 203 197 138 46 19 5
0.5000 26300 205 195 140 46 19 5
0.5000 26400 205 195 140 46 19 5
0.5000 26500 205 195 140 46 19 5
0.5000 26600 205 195 140 46 19 5
0.5000 26700 205 195 140 46 19 5
0.5000 26800 205 195 140 46 19 5
0.5000 26900 205 195 140 46 19 5
0.5000 27000 205 195 140 46 19 5
0.5000 27100 205 195 140 46 19 5
0.5000 27200 205 195 140 46 19 5
0.5000 27300 206 194 140 47 19 5
0.5000 27400 206 194 140 47 19 5
0.5000 27500 206 194 140 47 19 5
0.5000 27600 206 194 140 47 19 5
0.5000 27700 206 194 140 47 19 5
0.5000 27800 206 194 140 47 19 5
0.5000 27900 206 194 140 47 19 5
0.5000 28000 206 194 140 47 19 5
0.5000 28100 206 194 140 47 19 5
0.5000 28200 206 194 140 47 19 5
0.5000 28300 206 194 140 47 19 5
0.5000 28400 206 194 140 47 19 5
0.5000 28500 206 194 140 47 19 5
0.5000 28600 206 194 140 47 19 5
0.5000 28700 206 194 140 47 19 5
0.5000 28800 206 194 140 47 19 5
0.5000 28900 206 194 140 47 19 5
0.5000 29000 206 194 140 47 19 5
0.5000 29100 206 194 140 47 19 5
0.5000 29200 206 194 140 47 19 5
0.5000 29300 206 194 140 47 19 5
0.5000 29400 206 194 140 47 19 5
0.5000 29500 206 194 140 47 19 5
0.5000 29600 206 194 140 47 19 5
0.5000 29700 206 194 140 47 19 5
0.5000 29800 206 194 140 47 19 5
0.5000 29900 206 194 140 47 19 5
0.5000 30000 206 194 140 47 19 5
0.0000 0 1 399 0 1 0 0
0.0000 100 5 395 3 2 0 0
0.0000 200 9 391 7 2 0 0
0.0000 300 9 391 7 2 0 0
0.0000 400 10 390 7 3 0 0
0.0000 500 14 386 10 4 0 0
0.0000 600 18 382 14 4 0 0
0.0000 700 22 378 18 4 0 0
0.0000 800 27 373 23 4 0 0
0.0000 900 33 367 29 4 0 0
0.0000 1000 38 362 34 4 0 0
0.0000 1100 39 361 35 4 0 0
0.0000 1200 43 357 39 4 0 0
0.0000 1300 47 353 43 4 0 0
0.0000 1400 53 347 46 4 3 0
0.0000 1500 58 342 48 4 6 0
0.0000 1600 64 336 54 4 6 0
0.0000 1700 70 330 60 4 6 0
0.0000 1800 76 324 64 6 6 0
0.0000 1900 77 323 65 6 6 0
0.0000 2000 77 323 65 6 6 0
0.0000 2100 77 323 65 6 6 0
0.0000 2200 77 323 64 6 7 0
0.0000 2300 78 322 65 6 7 1
0.0000 2400 81 319 66 8 7 1
0.0000 2500 85 315 68 10 7 1
0.0000 2600 87 313 70 10 7 1
0.0000 2700 91 309 74 10 7 1
0.0000 2800 95 305 78 10 7 1
0.0000 2900 98 302 81 10 7 1
0.0000 3000 100 300 83 10 7 1
0.0000 3100 100 300 83 10 7 1
0.0000 3200 101 299 84 10 7 1
0.0000 3300 104 296 87 10 7 1
0.0000 3400 108 292 91 10 7 1
0.0000 3500 111 289 94 10 7 1
0.0000 3600 113 287 96 10 7 1
0.0000 3700 114 286 97 10 7 1
0.0000 3800 114 286 97 10 7 1
0.0000 3900 114 286 97 10 7 1
0.0000 4000 114 286 97 10 7 1
0.0000 4100 114 286 97 10 7 1
0.0000 4200 114 286 97 10 7 1
0.0000 4300 114 286 97 10 7 1
0.0000 4400 114 286 97 10 7 1
0.0000 4500 114 286 97 10 7 1
0.0000 4600 114 286 97 10 7 1
0.0000 4700 114 286 97 10 7 1
0.0000 4800 114 286 97 10 7 1
0.0000 4900 116 284 97 12 7 1
0.0000 5000 119 281 97 15 7 1
0.0000 5100 125 275 100 18 7 1
0.0000 5200 127 273 102 18 7 1
0.0000 5300 129 271 101 21 7 1
0.0000 5400 132 268 104 21 7 1
0.0000 5500 134 266 106 21 7 1
0.0000 5600 134 266 106 21 7 1
0.0000 5700 137 263 106 21 10 1
0.0000 5800 138 262 106 21 11 1
0.0000 5900 138 262 106 21 11 1
0.0000 6000 138 262 106 21 11 1
0.0000 6100 138 262 106 21 11 1
0.0000 6200 138 262 106 21 11 1
0.0000 6300 140 260 108 21 11 1
0.0000 6400 140 260 108 21 11 1
0.0000 6500 140 260 108 21 11 1
0.0000 6600 142 258 109 21 12 1
0.0000 6700 144 256 111 21 12 1
0.0000 6800 146 254 113 21 12 1
0.0000 6900 146 254 113 21 12 1
0.0000 7000 146 254 113 21 12 1
0.0000 7100 146 254 113 21 12 1
0.0000 7200 148 252 115 21 12 1
0.0000 7300 148 252 115 21 12 1
0.0000 7400 149 251 116 21 12 1
0.0000 7500 149 251 116 21 12 1
0.0000 7600 149 251 116 21 12 1
0.0000 7700 150 250 116 21 13 1
0.0000 7800 152 248 118 21 13 1
0.0000 7900 155 245 119 21 15 1
0.0000 8000 156 244 120 21 15 1
0.0000 8100 156 244 120 21 15 1
0.0000 8200 156 244 120 21 15 1
0.0000 8300 156 244 120 21 15 1
0.0000 8400 156 244 120 21 15 1
0.0000 8500 157 243 121 21 15 1
0.0000 8600 157 243 121 21 15 1
0.0000 8700 157 243 121 21 15 1
0.0000 8800 158 242 121 22 15 1
0.0000 8900 159 241 121 23 15 1
0.0000 9000 159 241 121 23 15 1
0.0000 9100 162 238 124 23 15 1
0.0000 9200 162 238 124 23 15 1
0.0000 9300 164 236 126 23 15 1
0.0000 9400 164 236 126 23 15 1
0.0000 9500 165 235 126 24 15 1
0.0000 9600 166 234 127 24 15 1
0.0000 9700 166 234 127 24 15 1
0.0000 9800 172 228 132 25 15 1
0.0000 9900 173 227 133 25 15 1
0.0000 10000 173 227 133 25 15 1
0.0000 10100 173 227 133 25 15 1
0.0000 10200 173 227 133 25 15 1
0.0000 10300 173 227 133 25 15 1
0.0000 10400 173 227 133 25 15 1
0.0000 10500 173 227 133 25 15 1
0.0000 10600 174 226 134 25 15 1
0.0000 10700 177 223 137 25 15 1
0.0000 10800 178 222 137 26 15 1
0.0000 10900 179 221 138 26 15 1
0.0000 11000 179 221 138 26 15 1
0.0000 11100 179 221 138 26 15 1
0.0000 11200 180 220 139 26 15 1
0.0000 11300 180 220 139 26 15 1
0.0000 11400 180 220 139 26 15 1
0.0000 11500 180 220 139 26 15 1
0.0000 11600 181 219 139 27 15 1
0.0000 11700 183 217 141 27 15 1
0.0000 11800 183 217 141 27 15 1
0.0000 11900 183 217 140 27 16 1
0.0000 12000 184 216 140 27 17 1
0.0000 12100 184 216 140 27 17 1
0.0000 12200 184 216 140 27 17 1
0.0000 12300 184 216 139 28 17 1
0.0000 12400 185 215 139 29 17 1
0.0000 12500 185 215 139 29 17 1
0.0000 12600 187 213 141 29 17 1
0.0000 12700 187 213 141 29 17 1
0.0000 12800 187 213 141 29 17 1
0.0000 12900 187 213 141 29 17 1
0.0000 13000 187 213 141 29 17 1
0.0000 13100 187 213 141 29 17 1
0.0000 13200 187 213 141 29 17 1
0.0000 13300 187 213 141 29 17 1
0.0000 13400 187 213 141 29 17 1
0.0000 13500 187 213 141 29 17 1
0.0000 13600 187 213 141 29 17 1
0.0000 13700 187 213 141 29 17 1
0.0000 13800 187 213 141 29 17 1
0.0000 13900 187 213 141 29 17 1
0.0000 14000 187 213 140 30 17 1
0.0000 14100 187 213 140 30 17 1
0.0000 14200 187 213 140 30 17 1
0.0000 14300 187 213 140 30 17 1
0.0000 14400 187 213 140 30 17 1
0.0000 14500 187 213 140 30 17 1
0.0000 14600 187 213 140 30 17 1
0.0000 14700 187 213 140 30 17 1
0.0000 14800 187 213 140 30 17 1
0.0000 14900 187 213 140 30 17 1
0.0000 15000 187 213 140 30 17 1
0.0000 15100 187 213 139 31 17 1
0.0000 15200 187 213 139 31 17 1
0.0000 15300 187 213 139 31 17 1
0.0000 15400 187 213 139 31 17 1
0.0000 15500 188 212 139 31 18 1
0.0000 15600 188 212 139 31 18 1
0.0000 15700 188 212 139 31 18 1
0.0000 15800 188 212 139 31 18 1
0.0000 15900 189 211 140 31 18 1
0.0000 16000 189 211 140 31 18 1
0.0000 16100 189 211 140 31 18 1
0.0000 16200 189 211 140 31 18 1
0.0000 16300 189 211 140 31 18 1
0.0000 16400 189 211 140 31 18 1
0.0000 16500 189 211 140 31 18 1
0.0000 16600 189 211 140 31 18 1
0.0000 16700 189 211 140 31 18 1
0.0000 16800 189 211 140 31 18 1
0.0000 16900 191 209 140 31 20 1
0.0000 17000 191 209 140 31 20 1
0.0000 17100 191 209 140 31 20 1
0.0000 17200 191 209 140 31 20 1
0.0000 17300 192 208 140 32 20 1
0.0000 17400 192 208 140 32 20 1
0.0000 17500 192 208 140 32 20 1
0.0000 17600 192 208 140 32 20 1
0.0000 17700 192 208 140 32 20 1
0.0000 17800 192 208 140 32 20 1
0.0000 17900 192 208 140 32 20 1
0.0000 18000 192 208 140 32 20 1
0.0000 18100 192 208 140 32 20 1
0.0000 18200 192 208 140 32 20 1
0.0000 18300 192 208 140 32 20 1
0.0000 18400 192 208 140 32 20 1
0.0000 18500 192 208 140 32 20 1
0.0000 18600 192 208 140 32 20 1
0.0000 18700 192 208 140 32 20 1
0.0000 18800 192 208 140 32 20 1
0.0000 18900 192 208 140 32 20 1
0.0000 19000 192 208 140 32 20 1
0.0000 19100 192 208 140 32 20 1
0.0000 19200 192 208 140 32 20 1
0.0000 19300 192 208 140 32 20 1
0.0000 19400 192 208 140 32 20 1
0.0000 19500 192 208 140 32 20 1
0.0000 19600 192 208 140 32 20 1
0.0000 19700 193 207 141 32 20 1
0.0000 19800 193 207 141 32 20 1
0.0000 19900 193 207 141 32 20 1
0.0000 20000 193 207 141 32 20 1
0.0000 20100 193 207 141 32 20 1
0.0000 20200 193 207 141 32 20 1
0.0000 20300 193 207 141 32 20 1
0.0000 20400 193 207 141 32 20 1
0.0000 20500 193 207 141 32 20 1
0.0000 20600 196 204 141 35 20 1
0.0000 20700 199 201 144 35 20 1
0.0000 20800 200 200 145 35 20 1
0.0000 20900 201 199 146 35 20 1
0.0000 21000 201 199 146 35 20 1
0.0000 21100 201 199 146 35 20 1
0.0000 21200 201 199 146 35 20 1
0.0000 21300 201 199 146 35 20 1
0.0000 21400 201 199 146 35 20 1
0.0000 21500 202 198 147 35 20 1
0.0000 21600 202 198 147 35 20 1
0.0000 21700 204 196 149 35 20 1
0.0000 21800 207 193 152 35 20 1
0.0000 21900 209 191 154 35 20 1
0.0000 22000 210 190 155 35 20 1
0.0000 22100 210 190 155 35 20 1
0.0000 22200 210 190 155 35 20 1
0.0000 22300 210 190 155 35 20 1
0.0000 22400 210 190 155 35 20 1
0.0000 22500 210 190 155 35 20 1
0.0000 22600 210 190 155 35 20 1
0.0000 22700 210 190 155 35 20 1
0.0000 22800 210 190 155 35 20 1
0.0000 22900 210 190 155 35 20 1
0.0000 23000 210 190 155 35 20 1
0.0000 23100 211 189 156 35 20 1
0.0000 23200 211 189 156 35 20 1
0.0000 23300 211 189 156 35 20 1
0.0000 23400 211 189 156 35 20 1
0.0000 23500 211 189 156 35 20 1
0.0000 23600 211 189 156 35 20 1
0.0000 23700 211 189 156 35 20 1
0.0000 23800 214 186 159 35 20 1
0.0000 23900 214 186 159 35 20 1
0.0000 24000 217 183 162 35 20 1
0.0000 24100 217 183 161 36 20 1
0.0000 24200 217 183 161 36 20 1
0.0000 24300 217 183 161 36 20 1
0.0000 24400 217 183 161 36 20 1
0.0000 24500 217 183 161 36 20 1
0.0000 24600 217 183 161 36 20 1
0.0000 24700 218 182 162 36 20 1
0.0000 24800 219 181 163 36 20 1
0.0000 24900 219 181 163 36 20 1
0.0000 25000 219 181 163 36 20 1
0.0000 25100 219 181 163 36 20 1
0.0000 25200 219 181 163 36 20 1
0.0000 25300 219 181 163 36 20 1
0.0000 25400 219 181 163 36 20 1
0.0000 25500 219 181 163 36 20 1
0.0000 25600 219 181 163 36 20 1
0.0000 25700 219 181 161 36 22 1
0.0000 25800 219 181 161 36 22 1
0.0000 25900 219 181 161 36 22 1
0.0000 26000 219 181 161 36 22 1
0.0000 26100 219 181 161 36 22 1
0.0000 26200 219 181 161 36 22 1
0.0000 26300 219 181 161 36 22 1
0.0000 26400 219 181 161 36 22 1
0.0000 26500 219 181 161 36 22 1
0.0000 26600 219 181 161 36 22 1
0.0000 26700 219 181 161 36 22 1
0.0000 26800 219 181 161 36 22 1
0.0000 26900 219 181 161 36 22 1
0.0000 27000 219 181 161 36 22 1
0.0000 27100 219 181 161 36 22 1
0.0000 27200 219 181 161 36 22 1
0.0000 27300 219 181 161 36 22 1
0.0000 27400 220 180 162 36 22 1
0.0000 27500 220 180 162 36 22 1
0.0000 27600 220 180 162 36 22 1
0.0000 27700 220 180 162 36 22 1
0.0000 27800 220 180 162 36 22 1
0.0000 27900 220 180 162 36 22 1
0.0000 28000 220 180 162 36 22 1
0.0000 28100 220 180 162 36 22 1
0.0000 28200 220 180 162 36 22 1
0.0000 28300 220 180 162 36 22 1
0.0000 28400 220 180 162 36 22 1
0.0000 28500 220 180 162 36 22 1
0.0000 28600 220 180 162 36 22 1
0.0000 28700 220 180 162 36 22 1
0.0000 28800 220 180 162 36 22 1
0.0000 28900 220 180 162 36 22 1
0.0000 29000 220 180 162 36 22 1
0.0000 29100 220 180 162 36 22 1
0.0000 29200 220 180 162 36 22 1
0.0000 29300 220 180 162 36 22 1
0.0000 29400 220 180 162 36 22 1
0.0000 29500 220 180 162 36 22 1
0.0000 29600 220 180 162 36 22 1
0.0000 29700 221 179 163 36 22 1
0.0000 29800 225 175 165 38 22 1
0.0000 29900 225 175 164 39 22 1
0.0000 30000 225 175 164 39 22 1
0.0000 0 1 399 0 1 0 0
0.0000 100 5 395 3 2 0 0
0.0000 200 9 391 7 2 0 0
0.0000 300 9 391 7 2 0 0
0.0000 400 10 390 7 3 0 0
0.0000 500 14 386 10 4 0 0
0.0000 600 18 382 14 4 0 0
0.0000 700 22 378 18 4 0 0
0.0000 800 27 373 23 4 0 0
0.0000 900 33 367 29 4 0 0
0.0000 1000 38 362 34 4 0 0
0.0000 1100 39 361 35 4 0 0
0.0000 1200 43 357 39 4 0 0
0.0000 1300 47 353 43 4 0 0
0.0000 1400 53 347 46 4 3 0
0.0000 1500 58 342 48 4 6 0
0.0000 1600 64 336 54 4 6 0
0.0000 1700 70 330 60 4 6 0
0.0000 1800 76 324 64 6 6 0
0.0000 1900 80 320 64 10 6 0
0.0000 2000 85 315 65 14 6 0
0.0000 2100 89 311 69 14 6 0
0.0000 2200 94 306 74 14 6 0
0.0000 2300 95 305 75 14 6 0
0.0000 2400 97 303 77 14 6 0
0.0000 2500 97 303 77 14 6 0
0.0000 2600 99 301 79 14 6 0
0.0000 2700 99 301 79 14 6 0
0.0000 2800 99 301 79 14 6 0
0.0000 2900 99 301 79 14 6 0
0.0000 3000 99 301 79 14 6 0
0.0000 3100 100 300 80 14 6 0
0.0000 3200 104 296 84 14 6 0
0.0000 3300 105 295 85 14 6 0
0.0000 3400 106 294 86 14 6 0
0.0000 3500 108 292 87 14 7 0
0.0000 3600 112 288 87 14 11 0
0.0000 3700 116 284 90 14 12 0
0.0000 3800 117 283 91 14 12 0
0.0000 3900 121 279 92 17 12 0
0.0000 4000 126 274 95 19 12 0
0.0000 4100 129 271 97 20 12 0
0.0000 4200 131 269 99 20 12 0
0.0000 4300 131 269 99 20 12 0
0.0000 4400 131 269 98 21 12 0
0.0000 4500 131 269 98 21 12 0
0.0000 4600 131 269 98 21 12 0
0.0000 4700 132 268 99 21 12 1
0.0000 4800 133 267 100 21 12 1
0.0000 4900 135 265 101 22 12 1
0.0000 5000 136 264 101 23 12 1
0.0000 5100 142 258 104 26 12 1
0.0000 5200 146 254 108 26 12 1
0.0000 5300 146 254 108 26 12 1
0.0000 5400 146 254 107 27 12 1
0.0000 5500 147 253 108 27 12 1
0.0000 5600 148 252 109 27 12 1
0.0000 5700 149 251 108 29 12 1
0.0000 5800 149 251 108 29 12 1
0.0000 5900 151 249 110 29 12 1
0.0000 6000 155 245 112 31 12 1
0.0000 6100 156 244 113 31 12 1
0.0000 6200 156 244 113 31 12 1
0.0000 6300 156 244 113 31 12 1
0.0000 6400 156 244 113 31 12 1
0.0000 6500 157 243 113 31 13 1
0.0000 6600 158 242 113 31 14 1
0.0000 6700 158 242 113 31 14 1
0.0000 6800 159 241 114 31 14 1
0.0000 6900 159 241 114 31 14 1
0.0000 7000 160 240 115 31 14 1
0.0000 7100 160 240 115 31 14 1
0.0000 7200 161 239 116 31 14 1
0.0000 7300 162 238 115 33 14 1
0.0000 7400 162 238 115 33 14 1
0.0000 7500 162 238 115 33 14 1
0.0000 7600 163 237 115 34 14 1
0.0000 7700 164 236 115 35 14 1
0.0000 7800 165 235 116 35 14 1
0.0000 7900 166 234 117 35 14 1
0.0000 8000 168 232 119 35 14 1
0.0000 8100 169 231 120 35 14 1
0.0000 8200 169 231 120 35 14 1
0.0000 8300 169 231 120 35 14 1
0.0000 8400 172 228 122 35 15 1
0.0000 8500 172 228 122 35 15 1
0.0000 8600 172 228 122 35 15 2
0.0000 8700 172 228 122 35 15 2
0.0000 8800 172 228 121 36 15 2
0.0000 8900 174 226 123 36 15 2
0.0000 9000 178 222 127 36 15 2
0.0000 9100 183 217 132 36 15 2
0.0000 9200 183 217 132 36 15 2
0.0000 9300 186 214 135 36 15 2
0.0000 9400 187 213 134 38 15 2
0.0000 9500 192 208 139 38 15 2
0.0000 9600 195 205 142 38 15 2
0.0000 9700 197 203 144 38 15 2
0.0000 9800 197 203 144 38 15 2
0.0000 9900 200 200 147 38 15 2
0.0000 10000 200 200 147 38 15 2
0.0000 10100 201 199 148 38 15 2
0.0000 10200 201 199 148 38 15 2
0.0000 10300 201 199 148 38 15 2
0.0000 10400 204 196 151 38 15 2
0.0000 10500 206 194 153 38 15 2
0.0000 10600 208 192 153 40 15 2
0.0000 10700 208 192 153 40 15 2
0.0000 10800 208 192 153 40 15 2
0.0000 10900 208 192 153 40 15 2
0.0000 11000 208 192 153 40 15 2
0.0000 11100 208 192 153 40 15 2
0.0000 11200 208 192 153 40 15 2
0.0000 11300 208 192 153 40 15 2
0.0000 11400 208 192 152 41 15 2
0.0000 11500 208 192 152 41 15 2
0.0000 11600 209 191 153 41 15 2
0.0000 11700 209 191 153 41 15 2
0.0000 11800 209 191 153 41 15 2
0.0000 11900 209 191 153 41 15 2
0.0000 12000 209 191 153 41 15 2
0.0000 12100 209 191 153 41 15 2
0.0000 12200 209 191 153 41 15 2
0.0000 12300 209 191 153 41 15 2
0.0000 12400 209 191 153 41 15 2
0.0000 12500 209 191 153 41 15 2
0.0000 12600 210 190 154 41 15 2
0.0000 12700 211 189 155 41 15 2
0.0000 12800 211 189 155 41 15 2
0.0000 12900 211 189 154 42 15 2
0.0000 13000 211 189 154 42 15 2
0.0000 13100 211 189 154 42 15 2
0.0000 13200 212 188 155 42 15 2
0.0000 13300 212 188 155 42 15 2
0.0000 13400 213 187 156 42 15 2
0.0000 13500 213 187 156 42 15 2
0.0000 13600 215 185 158 42 15 2
0.0000 13700 215 185 158 42 15 2
0.0000 13800 215 185 158 42 15 2
0.0000 13900 215 185 158 42 15 2
0.0000 14000 215 185 157 43 15 2
0.0000 14100 215 185 157 43 15 2
0.0000 14200 215 185 157 43 15 2
0.0000 14300 215 185 157 43 15 2
0.0000 14400 215 185 157 43 15 2
0.0000 14500 215 185 157 43 15 2
0.0000 14600 215 185 157 43 15 2
0.0000 14700 215 185 157 43 15 2
0.0000 14800 215 185 157 43 15 2
0.0000 14900 215 185 157 43 15 2
0.0000 15000 215 185 157 43 15 2
0.0000 15100 215 185 157 43 15 2
0.0000 15200 216 184 157 43 16 2
0.0000 15300 217 183 157 43 17 2
0.0000 15400 218 182 158 43 17 2
0.0000 15500 218 182 158 43 17 2
0.0000 15600 218 182 158 43 17 2
0.0000 15700 218 182 158 43 17 2
0.0000 15800 219 181 158 44 17 2
0.0000 15900 222 178 160 45 17 2
0.0000 16000 222 178 160 45 17 2
0.0000 16100 222 178 160 45 17 2
0.0000 16200 222 178 160 45 17 2
0.0000 16300 222 178 159 45 18 2
0.0000 16400 222 178 159 45 18 2
0.0000 16500 222 178 159 45 18 2
0.0000 16600 222 178 159 45 18 2
0.0000 16700 223 177 160 45 18 2
0.0000 16800 223 177 160 45 18 2
0.0000 16900 224 176 161 45 18 2
0.0000 17000 224 176 161 45 18 2
0.0000 17100 224 176 161 45 18 2
0.0000 17200 224 176 161 45 18 2
0.0000 17300 224 176 161 45 18 2
0.0000 17400 224 176 161 45 18 2
0.0000 17500 224 176 161 45 18 2
0.0000 17600 224 176 161 45 18 2
0.0000 17700 224 176 161 45 18 2
0.0000 17800 224 176 161 45 18 2
0.0000 17900 224 176 160 45 19 2
0.0000 18000 224 176 160 45 19 2
0.0000 18100 225 175 161 45 19 2
0.0000 18200 225 175 161 45 19 2
0.0000 18300 225 175 161 45 19 2
0.0000 18400 225 175 161 45 19 2
0.0000 18500 225 175 161 45 19 2
0.0000 18600 225 175 161 45 19 2
0.0000 18700 227 173 161 47 19 2
0.0000 18800 227 173 161 47 19 2
0.0000 18900 227 173 161 47 19 2
0.0000 19000 227 173 161 47 19 2
0.0000 19100 228 172 161 47 20 2
0.0000 19200 228 172 161 47 20 2
0.0000 19300 228 172 161 47 20 2
0.0000 19400 228 172 161 47 20 2
0.0000 19500 229 171 162 47 20 2
0.0000 19600 229 171 162 47 20 2
0.0000 19700 229 171 162 47 20 2
0.0000 19800 229 171 162 47 20 2
0.0000 19900 229 171 162 47 20 2
0.0000 20000 229 171 162 47 20 2
0.0000 20100 229 171 162 47 20 2
0.0000 20200 229 171 162 47 20 2
0.0000 20300 229 171 162 47 20 2
0.0000 20400 229 171 162 47 20 2
0.0000 20500 229 171 162 47 20 2
0.0000 20600 229 171 162 47 20 2
0.0000 20700 229 171 162 47 20 2
0.0000 20800 229 171 162 47 20 2
0.0000 20900 229 171 162 47 20 2
0.0000 21000 229 171 162 47 20 2
0.0000 21100 229 171 162 47 20 2
0.0000 21200 229 171 162 47 20 2
0.0000 21300 229 171 162 47 20 2
0.0000 21400 230 170 163 47 20 2
0.0000 21500 231 169 164 47 20 2
0.0000 21600 231 169 164 47 20 2
0.0000 21700 231 169 164 47 20 2
0.0000 21800 231 169 164 47 20 2
0.0000 21900 231 169 164 47 20 2
0.0000 22000 232 168 165 47 20 2
0.0000 22100 232 168 165 47 20 2
0.0000 22200 232 168 165 47 20 2
0.0000 22300 232 168 165 47 20 2
0.0000 22400 232 168 165 47 20 2
0.0000 22500 233 167 166 47 20 2
0.0000 22600 233 167 166 47 20 2
0.0000 22700 233 167 166 47 20 2
0.0000 22800 233 167 166 47 20 2
0.0000 22900 233 167 166 47 20 2
0.0000 23000 233 167 166 47 20 2
0.0000 23100 233 167 166 47 20 2
0.0000 23200 234 166 167 47 20 2
0.0000 23300 234 166 167 47 20 2
0.0000 23400 234 166 167 47 20 2
0.0000 23500 234 166 167 47 20 2
0.0000 23600 234 166 167 47 20 2
0.0000 23700 234 166 167 47 20 2
0.0000 23800 234 166 167 47 20 2
0.0000 23900 234 166 167 47 20 2
0.0000 24000 234 166 167 47 20 2
0.0000 24100 234 166 167 47 20 2
0.0000 24200 234 166 167 47 20 2
0.0000 24300 234 166 167 47 20 2
0.0000 24400 234 166 167 47 20 2
0.0000 24500 234 166 167 47 20 2
0.0000 24600 234 166 167 47 20 2
0.0000 24700 234 166 167 47 20 2
0.0000 24800 234 166 167 47 20 2
0.0000 24900 234 166 167 47 20 2
0.0000 25000 234 166 167 47 20 2
0.0000 25100 234 166 167 47 20 2
0.0000 25200 235 165 168 47 20 2
0.0000 25300 235 165 168 47 20 2
0.0000 25400 235 165 167 47 21 2
0.0000 25500 235 165 167 47 21 2
0.0000 25600 235 165 167 47 21 2
0.0000 25700 235 165 167 47 21 2
0.0000 25800 235 165 167 47 21 2
0.0000 25900 235 165 167 47 21 2
0.0000 26000 235 165 167 47 21 2
0.0000 26100 235 165 167 47 21 2
0.0000 26200 235 165 167 47 21 2
0.0000 26300 235 165 167 47 21 2
0.0000 26400 235 165 167 47 21 2
0.0000 26500 235 165 167 47 21 2
0.0000 26600 235 165 167 47 21 2
0.0000 26700 235 165 167 47 21 2
0.0000 26800 235 165 167 47 21 2
0.0000 26900 235 165 167 47 21 2
0.0000 27000 235 165 167 47 21 2
0.0000 27100 235 165 167 47 21 2
0.0000 27200 235 165 167 47 21 2
0.0000 27300 235 165 167 47 21 2
0.0000 27400 235 165 167 47 21 2
0.0000 27500 235 165 167 47 21 2
0.0000 27600 235 165 167 47 21 2
0.0000 27700 235 165 167 47 21 2
0.0000 27800 235 165 167 47 21 2
0.0000 27900 235 165 167 47 21 2
0.0000 28000 235 165 167 47 21 2
0.0000 28100 235 165 167 47 21 2
0.0000 28200 235 165 167 47 21 2
0.0000 28300 235 165 167 47 21 2
0.0000 28400 235 165 167 47 21 2
0.0000 28500 235 165 167 47 21 2
0.0000 28600 235 165 167 47 21 2
0.0000 28700 235 165 167 47 21 2
0.0000 28800 235 165 167 47 21 2
0.0000 28900 235 165 167 47 21 2
0.0000 29000 235 165 167 47 21 2
0.0000 29100 235 165 167 47 21 2
0.0000 29200 235 165 167 47 21 2
0.0000 29300 235 165 167 47 21 2
0.0000 29400 235 165 167 47 21 2
0.0000 29500 235 165 167 47 21 2
0.0000 29600 235 165 167 47 21 2
0.0000 29700 237 163 169 47 21 2
0.0000 29800 238 162 170 47 21 2
0.0000 29900 238 162 170 47 21 2
0.0000 30000 238 162 170 47 21 2
0.0000 0 1 399 0 1 0 0
0.0000 100 5 395 3 2 0 0
0.0000 200 9 391 7 2 0 0
0.0000 300 9 391 7 2 0 0
0.0000 400 10 390 7 3 0 0
0.0000 500 14 386 10 4 0 0
0.0000 600 18 382 14 4 0 0
0.0000 700 22 378 18 4 0 0
0.0000 800 27 373 23 4 0 0
0.0000 900 33 367 29 4 0 0
0.0000 1000 38 362 34 4 0 0
0.0000 1100 39 361 35 4 0 0
0.0000 1200 43 357 39 4 0 0
0.0000 1300 47 353 43 4 0 0
0.0000 1400 53 347 46 4 3 0
0.0000 1500 58 342 48 4 6 0
0.0000 1600 64 336 54 4 6 0
0.0000 1700 70 330 60 4 6 0
0.0000 1800 76 324 64 6 6 0
0.0000 1900 77 323 65 6 6 0
0.0000 2000 77 323 65 6 6 0
0.0000 2100 77 323 65 6 6 0
0.0000 2200 77 323 64 6 7 0
0.0000 2300 78 322 65 6 7 1
0.0000 2400 81 319 66 8 7 1
0.0000 2500 85 315 68 10 7 1
0.0000 2600 87 313 70 10 7 1
0.0000 2700 91 309 74 10 7 1
0.0000 2800 95 305 78 10 7 1
0.0000 2900 98 302 81 10 7 1
0.0000 3000 100 300 83 10 7 1
0.0000 3100 100 300 83 10 7 1
0.0000 3200 101 299 84 10 7 1
0.0000 3300 104 296 87 10 7 1
0.0000 3400 108 292 91 10 7 1
0.0000 3500 111 289 94 10 7 1
0.0000 3600 113 287 96 10 7 1
0.0000 3700 114 286 97 10 7 1
0.0000 3800 114 286 97 10 7 1
0.0000 3900 114 286 97 10 7 1
0.0000 4000 114 286 97 10 7 1
0.0000 4100 114 286 97 10 7 1
0.0000 4200 114 286 97 10 7 1
0.0000 4300 114 286 97 10 7 1
0.0000 4400 114 286 97 10 7 1
0.0000 4500 114 286 97 10 7 1
0.0000 4600 114 286 97 10 7 1
0.0000 4700 114 286 97 10 7 1
0.0000 4800 114 286 97 10 7 1
0.0000 4900 114 286 97 10 7 1
0.0000 5000 115 285 98 10 7 1
0.0000 5100 117 283 100 10 7 1
0.0000 5200 119 281 102 10 7 1
0.0000 5300 122 278 105 10 7 1
0.0000 5400 126 274 105 14 7 1
0.0000 5500 127 273 105 15 7 1
0.0000 5600 129 271 106 16 7 1
0.0000 5700 129 271 106 16 7 2
0.0000 5800 133 267 110 16 7 2
0.0000 5900 136 264 111 16 9 2
0.0000 6000 140 260 111 16 13 2
0.0000 6100 141 259 110 16 15 2
0.0000 6200 141 259 110 16 15 2
0.0000 6300 141 259 110 16 15 2
0.0000 6400 141 259 110 16 15 2
0.0000 6500 142 258 110 17 15 2
0.0000 6600 143 257 110 18 15 2
0.0000 6700 144 256 111 18 15 2
0.0000 6800 148 252 115 18 15 2
0.0000 6900 150 250 117 18 15 2
0.0000 7000 152 248 119 18 15 2
0.0000 7100 152 248 119 18 15 2
0.0000 7200 152 248 119 18 15 2
0.0000 7300 153 247 119 18 16 2
0.0000 7400 153 247 119 18 16 2
0.0000 7500 153 247 119 18 16 3
0.0000 7600 154 246 119 19 16 3
0.0000 7700 156 244 120 20 16 3
0.0000 7800 157 243 121 20 16 3
0.0000 7900 159 241 123 20 16 3
0.0000 8000 160 240 124 20 16 3
0.0000 8100 161 239 125 20 16 3
0.0000 8200 161 239 124 21 16 3
0.0000 8300 161 239 124 21 16 3
0.0000 8400 161 239 124 21 16 3
0.0000 8500 163 237 124 23 16 3
0.0000 8600 163 237 124 23 16 3
0.0000 8700 163 237 124 23 16 3
0.0000 8800 164 236 125 23 16 3
0.0000 8900 164 236 125 23 16 3
0.0000 9000 166 234 125 25 16 3
0.0000 9100 169 231 127 26 16 3
0.0000 9200 169 231 127 26 16 3
0.0000 9300 169 231 127 26 16 3
0.0000 9400 169 231 127 26 16 3
0.0000 9500 169 231 127 26 16 4
0.0000 9600 169 231 127 26 16 4
0.0000 9700 169 231 127 26 16 4
0.0000 9800 171 229 129 26 16 4
0.0000 9900 173 227 129 26 18 4
0.0000 10000 173 227 129 26 18 4
0.0000 10100 173 227 129 26 18 4
0.0000 10200 173 227 129 26 18 4
0.0000 10300 173 227 129 26 18 4
0.0000 10400 174 226 129 27 18 4
0.0000 10500 175 225 130 27 18 4
0.0000 10600 175 225 130 27 18 4
0.0000 10700 175 225 130 27 18 4
0.0000 10800 175 225 130 27 18 4
0.0000 10900 175 225 130 27 18 4
0.0000 11000 175 225 130 27 18 4
0.0000 11100 176 224 131 27 18 4
0.0000 11200 176 224 131 27 18 4
0.0000 11300 176 224 131 27 18 4
0.0000 11400 176 224 131 27 18 4
0.0000 11500 176 224 131 27 18 4
0.0000 11600 176 224 131 27 18 4
0.0000 11700 176 224 131 27 18 4
0.0000 11800 176 224 131 27 18 4
0.0000 11900 176 224 131 27 18 4
0.0000 12000 177 223 132 27 18 4
0.0000 12100 177 223 132 27 18 4
0.0000 12200 177 223 132 27 18 4
0.0000 12300 177 223 132 27 18 4
0.0000 12400 177 223 130 27 20 4
0.0000 12500 177 223 130 27 20 4
0.0000 12600 177 223 130 27 20 4
0.0000 12700 177 223 130 27 20 4
0.0000 12800 179 221 132 27 20 4
0.0000 12900 180 220 132 28 20 4
0.0000 13000 181 219 132 29 20 4
0.0000 13100 182 218 133 29 20 4
0.0000 13200 182 218 133 29 20 4
0.0000 13300 182 218 133 29 20 4
0.0000 13400 182 218 133 29 20 4
0.0000 13500 182 218 133 29 20 4
0.0000 13600 185 215 133 32 20 4
0.0000 13700 187 213 135 32 20 4
0.0000 13800 188 212 136 32 20 4
0.0000 13900 188 212 136 32 20 4
0.0000 14000 188 212 136 32 20 4
0.0000 14100 188 212 136 32 20 4
0.0000 14200 188 212 136 32 20 4
0.0000 14300 188 212 136 32 20 4
0.0000 14400 188 212 136 32 20 4
0.0000 14500 189 211 137 32 20 4
0.0000 14600 189 211 137 32 20 4
0.0000 14700 189 211 137 32 20 4
0.0000 14800 189 211 137 32 20 4
0.0000 14900 189 211 137 32 20 4
0.0000 15000 189 211 137 32 20 4
0.0000 15100 189 211 137 32 20 4
0.0000 15200 189 211 137 32 20 4
0.0000 15300 189 211 137 32 20 4
0.0000 15400 189 211 137 32 20 4
0.0000 15500 189 211 137 32 20 4
0.0000 15600 189 211 137 32 20 4
0.0000 15700 189 211 137 32 20 4
0.0000 15800 189 211 137 32 20 4
0.0000 15900 189 211 137 32 20 4
0.0000 16000 189 211 137 32 20 4
0.0000 16100 189 211 137 32 20 4
0.0000 16200 189 211 137 32 20 4
0.0000 16300 189 211 137 32 20 4
0.0000 16400 189 211 137 32 20 4
0.0000 16500 189 211 137 32 20 4
0.0000 16600 189 211 137 32 20 4
0.0000 16700 190 210 138 32 20 4
0.0000 16800 190 210 138 32 20 4
0.0000 16900 190 210 138 32 20 4
0.0000 17000 191 209 139 32 20 4
0.0000 17100 191 209 139 32 20 4
0.0000 17200 192 208 139 32 21 4
0.0000 17300 192 208 139 32 21 4
0.0000 17400 194 206 141 32 21 4
0.0000 17500 195 205 142 32 21 4
0.0000 17600 195 205 142 32 21 4
0.0000 17700 195 205 142 32 21 4
0.0000 17800 195 205 142 32 21 4
0.0000 17900 195 205 142 32 21 4
0.0000 18000 195 205 142 32 21 4
0.0000 18100 195 205 142 32 21 4
0.0000 18200 195 205 142 32 21 4
0.0000 18300 195 205 142 32 21 4
0.0000 18400 195 205 142 32 21 4
0.0000 18500 195 205 142 32 21 4
0.0000 18600 195 205 142 32 21 4
0.0000 18700 195 205 142 32 21 4
0.0000 18800 195 205 142 32 21 4
0.0000 18900 195 205 142 32 21 4
0.0000 19000 195 205 142 32 21 4
0.0000 19100 195 205 142 32 21 4
0.0000 19200 195 205 142 32 21 4
0.0000 19300 195 205 142 32 21 4
0.0000 19400 195 205 142 32 21 4
0.0000 19500 195 205 142 32 21 4
0.0000 19600 195 205 142 32 21 4
0.0000 19700 195 205 142 32 21 4
0.0000 19800 197 203 143 33 21 4
0.0000 19900 201 199 147 33 21 4
0.0000 20000 201 199 147 33 21 4
0.0000 20100 202 198 148 33 21 4
0.0000 20200 205 195 151 33 21 4
0.0000 20300 207 193 153 33 21 4
0.0000 20400 209 191 155 33 21 4
0.0000 20500 209 191 155 33 21 4
0.0000 20600 209 191 155 33 21 4
0.0000 20700 209 191 155 33 21 4
0.0000 20800 209 191 155 33 21 4
0.0000 20900 209 191 155 33 21 4
0.0000 21000 209 191 155 33 21 4
0.0000 21100 209 191 155 33 21 4
0.0000 21200 209 191 155 33 21 4
0.0000 21300 209 191 155 33 21 4
0.0000 21400 209 191 155 33 21 4
0.0000 21500 209 191 155 33 21 4
0.0000 21600 209 191 155 33 21 4
0.0000 21700 209 191 155 33 21 4
0.0000 21800 209 191 155 33 21 4
0.0000 21900 209 191 154 34 21 4
0.0000 22000 210 190 155 34 21 4
0.0000 22100 210 190 154 35 21 4
0.0000 22200 210 190 154 35 21 4
0.0000 22300 210 190 154 35 21 4
0.0000 22400 210 190 154 35 21 4
0.0000 22500 210 190 154 35 21 4
0.0000 22600 210 190 154 35 21 4
0.0000 22700 211 189 155 35 21 4
0.0000 22800 211 189 155 35 21 4
0.0000 22900 211 189 155 35 21 4
0.0000 23000 211 189 155 35 21 4
0.0000 23100 211 189 155 35 21 4
0.0000 23200 211 189 155 35 21 4
0.0000 23300 211 189 155 35 21 4
0.0000 23400 211 189 155 35 21 4
0.0000 23500 211 189 155 35 21 4
0.0000 23600 211 189 155 35 21 4
0.0000 23700 211 189 155 35 21 4
0.0000 23800 211 189 154 36 21 4
0.0000 23900 214 186 157 36 21 4
0.0000 24000 217 183 159 37 21 4
0.0000 24100 218 182 159 38 21 4
0.0000 24200 218 182 159 38 21 4
0.0000 24300 218 182 159 38 21 4
0.0000 24400 218 182 159 38 21 4
0.0000 24500 218 182 159 38 21 4
0.0000 24600 218 182 159 38 21 4
0.0000 24700 218 182 159 38 21 4
0.0000 24800 218 182 159 38 21 4
0.0000 24900 218 182 159 38 21 4
0.0000 25000 218 182 159 38 21 4
0.0000 25100 218 182 159 38 21 4
0.0000 25200 218 182 159 38 21 4
0.0000 25300 218 182 159 38 21 4
0.0000 25400 218 182 159 38 21 4
0.0000 25500 218 182 159 38 21 5
0.0000 25600 218 182 159 38 21 5
0.0000 25700 218 182 159 38 21 5
0.0000 25800 218 182 159 38 21 5
0.0000 25900 218 182 159 38 21 5
0.0000 26000 218 182 159 38 21 5
0.0000 26100 220 180 161 38 21 5
0.0000 26200 224 176 162 41 21 5
0.0000 26300 226 174 164 41 21 5
0.0000 26400 228 172 166 41 21 5
0.0000 26500 228 172 166 41 21 5
0.0000 26600 228 172 166 41 21 5
0.0000 26700 228 172 166 41 21 5
0.0000 26800 228 172 166 41 21 5
0.0000 26900 228 172 166 41 21 5
0.0000 27000 228 172 166 41 21 5
0.0000 27100 228 172 166 41 21 6
0.0000 27200 228 172 166 41 21 6
0.0000 27300 228 172 166 41 21 6
0.0000 27400 230 170 168 41 21 6
0.0000 27500 233 167 168 44 21 6
0.0000 27600 235 165 170 44 21 6
0.0000 27700 236 164 171 44 21 6
0.0000 27800 236 164 171 44 21 6
0.0000 27900 237 163 172 44 21 6
0.0000 28000 237 163 172 44 21 6
0.0000 28100 237 163 172 44 21 6
0.0000 28200 237 163 172 44 21 6
0.0000 28300 237 163 172 44 21 6
0.0000 28400 237 163 172 44 21 6
0.0000 28500 237 163 172 44 21 6
0.0000 28600 237 163 172 44 21 6
0.0000 28700 237 163 172 44 21 6
0.0000 28800 237 163 172 44 21 6
0.0000 28900 237 163 172 44 21 6
0.0000 29000 237 163 172 44 21 6
0.0000 29100 237 163 172 44 21 6
0.0000 29200 237 163 172 44 21 6
0.0000 29300 237 163 172 44 21 6
0.0000 29400 237 163 172 44 21 6
0.0000 29500 237 163 172 44 21 6
0.0000 29600 237 163 172 44 21 6
0.0000 29700 237 163 172 44 21 6
0.0000 29800 237 163 172 44 21 6
0.0000 29900 237 163 172 44 21 6
0.0000 30000 238 162 172 44 22 6
0.0000 0 1 399 0 1 0 0
0.0000 100 5 395 3 2 0 0
0.0000 200 9 391 7 2 0 0
0.0000 300 9 391 7 2 0 0
0.0000 400 10 390 7 3 0 0
0.0000 500 14 386 10 4 0 0
0.0000 600 18 382 14 4 0 0
0.0000 700 22 378 18 4 0 0
0.0000 800 27 373 23 4 0 0
0.0000 900 33 367 29 4 0 0
0.0000 1000 38 362 34 4 0 0
0.0000 1100 39 361 35 4 0 0
0.0000 1200 43 357 39 4 0 0
0.0000 1300 47 353 43 4 0 0
0.0000 1400 52 348 46 4 2 0
0.0000 1500 57 343 49 4 4 0
0.0000 1600 62 338 54 4 4 1
0.0000 1700 68 332 60 4 4 1
0.0000 1800 71 329 60 7 4 1
0.0000 1900 75 325 63 8 4 1
0.0000 2000 79 321 66 9 4 1
0.0000 2100 80 320 66 10 4 1
0.0000 2200 80 320 65 11 4 1
0.0000 2300 80 320 65 11 4 1
0.0000 2400 80 320 65 11 4 1
0.0000 2500 81 319 66 11 4 1
0.0000 2600 81 319 66 11 4 1
0.0000 2700 81 319 66 11 4 1
0.0000 2800 81 319 66 11 4 2
0.0000 2900 81 319 66 11 4 2
0.0000 3000 83 317 66 13 4 2
0.0000 3100 86 314 69 13 4 2
0.0000 3200 87 313 70 13 4 2
0.0000 3300 90 310 73 13 4 2
0.0000 3400 92 308 75 13 4 2
0.0000 3500 96 304 79 13 4 2
0.0000 3600 99 301 80 15 4 2
0.0000 3700 103 297 81 18 4 2
0.0000 3800 108 292 85 19 4 2
0.0000 3900 109 291 85 20 4 2
0.0000 4000 110 290 86 20 4 2
0.0000 4100 110 290 86 20 4 2
0.0000 4200 110 290 86 20 4 2
0.0000 4300 110 290 86 20 4 2
0.0000 4400 111 289 87 20 4 2
0.0000 4500 111 289 87 20 4 2
0.0000 4600 112 288 88 20 4 2
0.0000 4700 112 288 88 20 4 2
0.0000 4800 113 287 89 20 4 2
0.0000 4900 113 287 89 20 4 2
0.0000 5000 115 285 91 20 4 2
0.0000 5100 115 285 91 20 4 2
0.0000 5200 116 284 92 20 4 2
0.0000 5300 117 283 93 20 4 2
0.0000 5400 120 280 96 20 4 2
0.0000 5500 124 276 96 24 4 2
0.0000 5600 127 273 96 27 4 2
0.0000 5700 132 268 100 28 4 2
0.0000 5800 134 266 102 28 4 2
0.0000 5900 137 263 103 30 4 2
0.0000 6000 138 262 104 30 4 2
0.0000 6100 141 259 107 30 4 2
0.0000 6200 141 259 107 30 4 2
0.0000 6300 148 252 114 30 4 2
0.0000 6400 151 249 117 30 4 2
0.0000 6500 151 249 116 31 4 2
0.0000 6600 151 249 116 31 4 2
0.0000 6700 152 248 117 31 4 2
0.0000 6800 155 245 120 31 4 2
0.0000 6900 160 240 120 31 9 2
0.0000 7000 162 238 120 31 11 2
0.0000 7100 164 236 121 31 12 2
0.0000 7200 164 236 121 31 12 2
0.0000 7300 164 236 121 31 12 2
0.0000 7400 164 236 121 31 12 2
0.0000 7500 164 236 121 31 12 2
0.0000 7600 165 235 121 32 12 2
0.0000 7700 167 233 123 32 12 2
0.0000 7800 168 232 124 32 12 2
0.0000 7900 168 232 124 32 12 2
0.0000 8000 168 232 124 32 12 2
0.0000 8100 168 232 124 32 12 2
0.0000 8200 169 231 124 32 13 2
0.0000 8300 171 229 125 32 14 2
0.0000 8400 172 228 125 32 15 2
0.0000 8500 172 228 125 32 15 2
0.0000 8600 172 228 125 32 15 2
0.0000 8700 172 228 125 32 15 2
0.0000 8800 173 227 125 32 16 2
0.0000 8900 173 227 125 32 16 2
0.0000 9000 174 226 126 32 16 2
0.0000 9100 179 221 131 32 16 2
0.0000 9200 181 219 130 35 16 2
0.0000 9300 181 219 130 35 16 2
0.0000 9400 182 218 131 35 16 2
0.0000 9500 186 214 135 35 16 2
0.0000 9600 186 214 135 35 16 2
0.0000 9700 187 213 136 35 16 2
0.0000 9800 188 212 136 35 17 2
0.0000 9900 189 211 136 35 18 2
0.0000 10000 190 210 137 35 18 2
0.0000 10100 190 210 137 35 18 2
0.0000 10200 192 208 139 35 18 2
0.0000 10300 194 206 140 36 18 2
0.0000 10400 194 206 139 37 18 2
0.0000 10500 195 205 140 37 18 2
0.0000 10600 196 204 140 38 18 2
0.0000 10700 200 200 144 38 18 2
0.0000 10800 200 200 144 38 18 2
0.0000 10900 200 200 144 38 18 2
0.0000 11000 200 200 144 38 18 2
0.0000 11100 200 200 144 38 18 2
0.0000 11200 202 198 146 38 18 2
0.0000 11300 202 198 146 38 18 2
0.0000 11400 202 198 145 39 18 2
0.0000 11500 202 198 145 39 18 2
0.0000 11600 202 198 145 39 18 2
0.0000 11700 202 198 145 39 18 2
0.0000 11800 204 196 147 39 18 2
0.0000 11900 204 196 147 39 18 2
0.0000 12000 205 195 148 39 18 2
0.0000 12100 207 193 150 39 18 2
0.0000 12200 207 193 150 39 18 2
0.0000 12300 207 193 150 39 18 2
0.0000 12400 207 193 150 39 18 2
0.0000 12500 207 193 150 39 18 2
0.0000 12600 208 192 151 39 18 2
0.0000 12700 208 192 151 39 18 2
0.0000 12800 208 192 150 40 18 2
0.0000 12900 208 192 150 40 18 2
0.0000 13000 210 190 152 40 18 2
0.0000 13100 211 189 153 40 18 2
0.0000 13200 211 189 152 41 18 2
0.0000 13300 211 189 152 41 18 2
0.0000 13400 211 189 152 41 18 2
0.0000 13500 211 189 152 41 18 2
0.0000 13600 211 189 152 41 18 2
0.0000 13700 211 189 152 41 18 2
0.0000 13800 211 189 152 41 18 2
0.0000 13900 211 189 152 41 18 2
0.0000 14000 211 189 152 41 18 2
0.0000 14100 211 189 152 41 18 2
0.0000 14200 211 189 152 41 18 2
0.0000 14300 211 189 152 41 18 2
0.0000 14400 211 189 152 41 18 2
0.0000 14500 211 189 152 41 18 2
0.0000 14600 211 189 152 41 18 2
0.0000 14700 211 189 152 41 18 2
0.0000 14800 211 189 152 41 18 2
0.0000 14900 211 189 152 41 18 2
0.0000 15000 211 189 151 41 19 2
0.0000 15100 211 189 151 41 19 2
0.0000 15200 211 189 151 41 19 2
0.0000 15300 212 188 152 41 19 2
0.0000 15400 212 188 152 41 19 2
0.0000 15500 212 188 152 41 19 2
0.0000 15600 213 187 153 41 19 2
0.0000 15700 216 184 156 41 19 2
0.0000 15800 216 184 156 41 19 2
0.0000 15900 216 184 156 41 19 2
0.0000 16000 217 183 157 41 19 2
0.0000 16100 219 181 159 41 19 2
0.0000 16200 219 181 159 41 19 2
0.0000 16300 219 181 159 41 19 2
0.0000 16400 219 181 158 41 20 2
0.0000 16500 219 181 158 41 20 2
0.0000 16600 219 181 158 41 20 2
0.0000 16700 219 181 158 41 20 2
0.0000 16800 219 181 158 41 20 2
0.0000 16900 219 181 158 41 20 2
0.0000 17000 219 181 158 41 20 2
0.0000 17100 219 181 158 41 20 2
0.0000 17200 220 180 159 41 20 2
0.0000 17300 220 180 159 41 20 2
0.0000 17400 220 180 159 41 20 2
0.0000 17500 220 180 159 41 20 2
0.0000 17600 220 180 159 41 20 2
0.0000 17700 220 180 159 41 20 2
0.0000 17800 220 180 159 41 20 2
0.0000 17900 220 180 159 41 20 2
0.0000 18000 220 180 159 41 20 2
0.0000 18100 220 180 159 41 20 2
0.0000 18200 220 180 159 41 20 2
0.0000 18300 220 180 159 41 20 2
0.0000 18400 220 180 159 41 20 2
0.0000 18500 220 180 159 41 20 2
0.0000 18600 220 180 159 41 20 2
0.0000 18700 220 180 159 41 20 2
0.0000 18800 221 179 159 42 20 2
0.0000 18900 221 179 159 42 20 2
0.0000 19000 221 179 159 42 20 2
0.0000 19100 221 179 159 42 20 2
0.0000 19200 221 179 159 42 20 2
0.0000 19300 221 179 159 42 20 2
0.0000 19400 221 179 159 42 20 2
0.0000 19500 221 179 159 42 20 2
0.0000 19600 221 179 159 42 20 2
0.0000 19700 221 179 158 43 20 2
0.0000 19800 221 179 158 43 20 2
0.0000 19900 221 179 158 43 20 2
0.0000 20000 221 179 158 43 20 2
0.0000 20100 221 179 158 43 20 2
0.0000 20200 221 179 158 43 20 2
0.0000 20300 221 179 158 43 20 2
0.0000 20400 221 179 158 43 20 2
0.0000 20500 221 179 158 43 20 2
0.0000 20600 221 179 158 43 20 2
0.0000 20700 221 179 158 43 20 2
0.0000 20800 221 179 158 43 20 2
0.0000 20900 221 179 158 43 20 2
0.0000 21000 221 179 158 43 20 2
0.0000 21100 221 179 158 43 20 2
0.0000 21200 221 179 158 43 20 2
0.0000 21300 221 179 158 43 20 2
0.0000 21400 221 179 158 43 20 2
0.0000 21500 221 179 158 43 20 2
0.0000 21600 221 179 158 43 20 2
0.0000 21700 221 179 157 44 20 2
0.0000 21800 221 179 157 44 20 2
0.0000 21900 221 179 157 44 20 2
0.0000 22000 221 179 157 44 20 2
0.0000 22100 221 179 157 44 20 2
0.0000 22200 221 179 157 44 20 2
0.0000 22300 221 179 157 44 20 2
0.0000 22400 221 179 157 44 20 2
0.0000 22500 221 179 157 44 20 2
0.0000 22600 221 179 157 44 20 2
0.0000 22700 221 179 157 44 20 2
0.0000 22800 221 179 157 44 20 2
0.0000 22900 223 177 157 46 20 2
0.0000 23000 223 177 157 46 20 2
0.0000 23100 223 177 157 46 20 2
0.0000 23200 223 177 157 46 20 2
0.0000 23300 223 177 157 46 20 2
0.0000 23400 223 177 157 46 20 2
0.0000 23500 223 177 157 46 20 2
0.0000 23600 224 176 158 46 20 2
0.0000 23700 224 176 158 46 20 2
0.0000 23800 224 176 158 46 20 2
0.0000 23900 224 176 158 46 20 2
0.0000 24000 226 174 160 46 20 2
0.0000 24100 229 171 163 46 20 2
0.0000 24200 233 167 167 46 20 2
0.0000 24300 233 167 167 46 20 2
0.0000 24400 233 167 167 46 20 2
0.0000 24500 234 166 168 46 20 2
0.0000 24600 234 166 168 46 20 2
0.0000 24700 234 166 168 46 20 2
0.0000 24800 234 166 168 46 20 2
0.0000 24900 234 166 168 46 20 2
0.0000 25000 234 166 168 46 20 2
0.0000 25100 234 166 168 46 20 2
0.0000 25200 234 166 168 46 20 2
0.0000 25300 234 166 168 46 20 2
0.0000 25400 234 166 168 46 20 2
0.0000 25500 234 166 168 46 20 2
0.0000 25600 234 166 168 46 20 2
0.0000 25700 234 166 168 46 20 2
0.0000 25800 234 166 168 46 20 2
0.0000 25900 234 166 168 46 20 2
0.0000 26000 235 165 168 46 21 2
0.0000 26100 235 165 168 46 21 2
0.0000 26200 236 164 169 46 21 2
0.0000 26300 236 164 169 46 21 2
0.0000 26400 236 164 169 46 21 2
0.0000 26500 236 164 168 47 21 2
0.0000 26600 236 164 168 47 21 2
0.0000 26700 236 164 168 47 21 2
0.0000 26800 236 164 168 47 21 2
0.0000 26900 236 164 168 47 21 2
0.0000 27000 236 164 168 47 21 2
0.0000 27100 236 164 168 47 21 2
0.0000 27200 236 164 168 47 21 2
0.0000 27300 236 164 168 47 21 2
0.0000 27400 236 164 168 47 21 2
0.0000 27500 236 164 168 47 21 2
0.0000 27600 236 164 168 47 21 2
0.0000 27700 236 164 168 47 21 2
0.0000 27800 236 164 168 47 21 2
0.0000 27900 236 164 168 47 21 2
0.0000 28000 236 164 168 47 21 2
0.0000 28100 236 164 168 47 21 2
0.0000 28200 236 164 168 47 21 2
0.0000 28300 236 164 168 47 21 2
0.0000 28400 237 163 169 47 21 2
0.0000 28500 237 163 169 47 21 2
0.0000 28600 237 163 169 47 21 2
0.0000 28700 237 163 169 47 21 2
0.0000 28800 237 163 169 47 21 2
0.0000 28900 237 163 169 47 21 2
0.0000 29000 237 163 169 47 21 2
0.0000 29100 237 163 169 47 21 2
0.0000 29200 237 163 169 47 21 2
0.0000 29300 237 163 169 47 21 2
0.0000 29400 237 163 169 47 21 2
0.0000 29500 237 163 169 47 21 2
0.0000 29600 237 163 169 47 21 2
0.0000 29700 237 163 169 47 21 2
0.0000 29800 237 163 169 47 21 2
0.0000 29900 238 162 169 48 21 2
0.0000 30000 238 162 169 48 21 2
