0.0000 0 1 399 0 1 0 0
0.0000 100 5 395 3 2 0 0
0.0000 200 9 391 7 2 0 0
0.0000 300 9 391 7 2 0 0
0.0000 400 10 390 7 3 0 0
0.0000 500 14 386 10 4 0 0
0.0000 600 18 382 14 4 0 0
0.0000 700 22 378 18 4 0 0
0.0000 800 27 373 23 4 0 0
0.0000 900 33 367 28 4 1 0
0.0000 1000 37 363 32 4 1 0
0.0000 1100 38 362 33 4 1 0
0.0000 1200 39 361 34 4 1 0
0.0000 1300 42 358 37 4 1 0
0.0000 1400 45 355 36 8 1 0
0.0000 1500 49 351 40 8 1 0
0.0000 1600 54 346 45 8 1 1
0.0000 1700 58 342 49 8 1 1
0.0000 1800 64 336 55 8 1 1
0.0000 1900 66 334 57 8 1 1
0.0000 2000 70 330 61 8 1 1
0.0000 2100 71 329 62 8 1 1
0.0000 2200 72 328 61 10 1 1
0.0000 2300 74 326 63 10 1 1
0.0000 2400 76 324 65 10 1 1
0.0000 2500 80 320 69 10 1 1
0.0000 2600 80 320 69 10 1 1
0.0000 2700 80 320 69 10 1 1
0.0000 2800 80 320 69 10 1 1
0.0000 2900 81 319 68 12 1 1
0.0000 3000 83 317 68 14 1 1
0.0000 3100 87 313 71 15 1 1
0.0000 3200 88 312 72 15 1 1
0.0000 3300 90 310 74 15 1 1
0.0000 3400 96 304 80 15 1 1
0.0000 3500 97 303 81 15 1 1
0.0000 3600 100 300 84 15 1 1
0.0000 3700 103 297 87 15 1 1
0.0000 3800 109 291 93 15 1 1
0.0000 3900 111 289 94 16 1 1
0.0000 4000 111 289 94 16 1 1
0.0000 4100 112 288 95 16 1 1
0.0000 4200 112 288 95 16 1 1
0.0000 4300 114 286 97 16 1 1
0.0000 4400 114 286 97 16 1 1
0.0000 4500 115 285 98 16 1 1
0.0000 4600 118 282 98 19 1 1
0.0000 4700 122 278 98 23 1 1
0.0000 4800 128 272 100 27 1 1
0.0000 4900 129 271 101 27 1 1
0.0000 5000 129 271 101 27 1 1
0.0000 5100 129 271 101 27 1 1
0.0000 5200 129 271 101 27 1 1
0.0000 5300 132 268 101 30 1 1
0.0000 5400 133 267 101 31 1 1
0.0000 5500 133 267 101 31 1 1
0.0000 5600 133 267 101 31 1 1
0.0000 5700 133 267 101 31 1 1
0.0000 5800 134 266 102 31 1 1
0.0000 5900 134 266 102 31 1 1
0.0000 6000 135 265 103 31 1 1
0.0000 6100 135 265 103 31 1 1
0.0000 6200 135 265 103 31 1 1
0.0000 6300 135 265 103 31 1 1
0.0000 6400 135 265 102 32 1 1
0.0000 6500 135 265 102 32 1 1
0.0000 6600 135 265 100 34 1 1
0.0000 6700 135 265 100 34 1 1
0.0000 6800 135 265 100 34 1 1
0.0000 6900 138 262 103 34 1 1
0.0000 7000 138 262 103 34 1 1
0.0000 7100 138 262 103 34 1 1
0.0000 7200 138 262 103 34 1 1
0.0000 7300 140 260 105 34 1 1
0.0000 7400 140 260 105 34 1 1
0.0000 7500 141 259 106 34 1 1
0.0000 7600 142 258 107 34 1 1
0.0000 7700 142 258 106 35 1 1
0.0000 7800 143 257 107 35 1 1
0.0000 7900 143 257 107 35 1 1
0.0000 8000 144 256 108 35 1 1
0.0000 8100 144 256 108 35 1 1
0.0000 8200 144 256 108 35 1 1
0.0000 8300 144 256 108 35 1 1
0.0000 8400 145 255 109 35 1 1
0.0000 8500 147 253 108 35 4 1
0.0000 8600 151 249 108 35 8 1
0.0000 8700 151 249 108 35 8 1
0.0000 8800 154 246 110 35 9 1
0.0000 8900 156 244 112 35 9 1
0.0000 9000 160 240 116 35 9 1
0.0000 9100 163 237 119 35 9 1
0.0000 9200 166 234 122 35 9 1
0.0000 9300 170 230 126 35 9 1
0.0000 9400 174 226 128 37 9 1
0.0000 9500 179 221 133 37 9 1
0.0000 9600 181 219 135 37 9 1
0.0000 9700 183 217 137 37 9 1
0.0000 9800 183 217 136 38 9 1
0.0000 9900 183 217 136 38 9 1
0.0000 10000 183 217 136 38 9 1
0.0000 10100 183 217 136 38 9 1
0.0000 10200 183 217 136 38 9 1
0.0000 10300 186 214 139 38 9 1
0.0000 10400 186 214 139 38 9 1
0.0000 10500 186 214 139 38 9 1
0.0000 10600 186 214 139 38 9 1
0.0000 10700 188 212 141 38 9 1
0.0000 10800 188 212 141 38 9 1
0.0000 10900 188 212 141 38 9 1
0.0000 11000 188 212 141 38 9 1
0.0000 11100 191 209 144 38 9 1
0.0000 11200 196 204 149 38 9 1
0.0000 11300 197 203 150 38 9 1
0.0000 11400 197 203 150 38 9 1
0.0000 11500 197 203 150 38 9 1
0.0000 11600 197 203 150 38 9 1
0.0000 11700 197 203 150 38 9 1
0.0000 11800 197 203 150 38 9 1
0.0000 11900 198 202 151 38 9 1
0.0000 12000 198 202 151 38 9 1
0.0000 12100 198 202 151 38 9 1
0.0000 12200 198 202 151 38 9 1
0.0000 12300 198 202 151 38 9 1
0.0000 12400 199 201 152 38 9 1
0.0000 12500 203 197 156 38 9 1
0.0000 12600 206 194 159 38 9 1
0.0000 12700 208 192 161 38 9 1
0.0000 12800 210 190 163 38 9 1
0.0000 12900 214 186 164 41 9 1
0.0000 13000 214 186 164 41 9 1
0.0000 13100 214 186 164 41 9 1
0.0000 13200 215 185 165 41 9 1
0.0000 13300 215 185 165 41 9 1
0.0000 13400 216 184 166 41 9 1
0.0000 13500 216 184 166 41 9 1
0.0000 13600 217 183 166 42 9 1
0.0000 13700 218 182 166 43 9 1
0.0000 13800 218 182 166 43 9 1
0.0000 13900 218 182 166 43 9 1
0.0000 14000 218 182 166 43 9 1
0.0000 14100 218 182 166 43 9 1
0.0000 14200 218 182 166 43 9 1
0.0000 14300 219 181 167 43 9 1
0.0000 14400 220 180 168 43 9 1
0.0000 14500 220 180 168 43 9 1
0.0000 14600 220 180 168 43 9 1
0.0000 14700 220 180 168 43 9 1
0.0000 14800 220 180 168 43 9 1
0.0000 14900 220 180 168 43 9 1
0.0000 15000 220 180 168 43 9 1
0.0000 15100 220 180 168 43 9 1
0.0000 15200 220 180 168 43 9 1
0.0000 15300 220 180 168 43 9 1
0.0000 15400 220 180 168 43 9 1
0.0000 15500 220 180 168 43 9 1
0.0000 15600 221 179 169 43 9 1
0.0000 15700 223 177 171 43 9 1
0.0000 15800 223 177 171 43 9 1
0.0000 15900 223 177 171 43 9 1
0.0000 16000 223 177 171 43 9 1
0.0000 16100 223 177 171 43 9 1
0.0000 16200 223 177 171 43 9 1
0.0000 16300 225 175 173 43 9 1
0.0000 16400 225 175 173 43 9 1
0.0000 16500 226 174 173 43 10 1
0.0000 16600 226 174 173 43 10 1
0.0000 16700 226 174 173 43 10 1
0.0000 16800 226 174 173 43 10 1
0.0000 16900 226 174 173 43 10 1
0.0000 17000 226 174 173 43 10 1
0.0000 17100 226 174 173 43 10 1
0.0000 17200 226 174 173 43 10 1
0.0000 17300 226 174 173 43 10 1
0.0000 17400 227 173 174 43 10 1
0.0000 17500 227 173 174 43 10 1
0.0000 17600 227 173 174 43 10 1
0.0000 17700 227 173 174 43 10 1
0.0000 17800 227 173 174 43 10 1
0.0000 17900 227 173 174 43 10 1
0.0000 18000 227 173 174 43 10 1
0.0000 18100 227 173 174 43 10 1
0.0000 18200 227 173 174 43 10 1
0.0000 18300 227 173 174 43 10 1
0.0000 18400 227 173 174 43 10 1
0.0000 18500 227 173 174 43 10 1
0.0000 18600 227 173 174 43 10 1
0.0000 18700 227 173 174 43 10 1
0.0000 18800 228 172 175 43 10 1
0.0000 18900 228 172 175 43 10 1
0.0000 19000 228 172 175 43 10 1
0.0000 19100 228 172 175 43 10 1
0.0000 19200 228 172 175 43 10 1
0.0000 19300 229 171 175 44 10 1
0.0000 19400 229 171 175 44 10 1
0.0000 19500 229 171 175 44 10 1
0.0000 19600 230 170 175 45 10 1
0.0000 19700 230 170 175 45 10 1
0.0000 19800 230 170 174 46 10 1
0.0000 19900 232 168 175 47 10 1
0.0000 20000 232 168 175 47 10 1
0.0000 0 1 399 0 1 0 0
0.0000 100 5 395 3 2 0 0
0.0000 200 9 391 7 2 0 0
0.0000 300 9 391 7 2 0 0
0.0000 400 10 390 7 3 0 0
0.0000 500 14 386 10 4 0 0
0.0000 600 18 382 14 4 0 0
0.0000 700 22 378 18 4 0 0
0.0000 800 27 373 23 4 0 0
0.0000 900 33 367 28 4 1 0
0.0000 1000 37 363 32 4 1 0
0.0000 1100 38 362 33 4 1 0
0.0000 1200 39 361 34 4 1 0
0.0000 1300 42 358 37 4 1 0
0.0000 1400 45 355 36 8 1 0
0.0000 1500 49 351 40 8 1 0
0.0000 1600 54 346 45 8 1 1
0.0000 1700 58 342 49 8 1 1
0.0000 1800 64 336 55 8 1 1
0.0000 1900 66 334 57 8 1 1
0.0000 2000 70 330 61 8 1 1
0.0000 2100 71 329 62 8 1 1
0.0000 2200 72 328 61 10 1 1
0.0000 2300 74 326 63 10 1 1
0.0000 2400 76 324 65 10 1 1
0.0000 2500 80 320 69 10 1 1
0.0000 2600 80 320 69 10 1 1
0.0000 2700 80 320 69 10 1 1
0.0000 2800 80 320 69 10 1 1
0.0000 2900 81 319 68 12 1 1
0.0000 3000 83 317 68 14 1 1
0.0000 3100 87 313 71 15 1 1
0.0000 3200 88 312 72 15 1 1
0.0000 3300 90 310 74 15 1 1
0.0000 3400 96 304 80 15 1 1
0.0000 3500 97 303 81 15 1 1
0.0000 3600 100 300 84 15 1 1
0.0000 3700 103 297 87 15 1 1
0.0000 3800 109 291 93 15 1 1
0.0000 3900 111 289 94 16 1 1
0.0000 4000 111 289 94 16 1 1
0.0000 4100 112 288 95 16 1 1
0.0000 4200 112 288 95 16 1 1
0.0000 4300 114 286 97 16 1 1
0.0000 4400 114 286 97 16 1 1
0.0000 4500 115 285 98 16 1 1
0.0000 4600 118 282 98 19 1 1
0.0000 4700 122 278 98 23 1 1
0.0000 4800 128 272 100 27 1 1
0.0000 4900 129 271 101 27 1 1
0.0000 5000 129 271 101 27 1 1
0.0000 5100 129 271 101 27 1 1
0.0000 5200 129 271 101 27 1 1
0.0000 5300 132 268 101 30 1 1
0.0000 5400 133 267 101 31 1 1
0.0000 5500 133 267 101 31 1 1
0.0000 5600 133 267 101 31 1 1
0.0000 5700 133 267 101 31 1 1
0.0000 5800 134 266 102 31 1 1
0.0000 5900 134 266 102 31 1 1
0.0000 6000 135 265 103 31 1 1
0.0000 6100 135 265 103 31 1 1
0.0000 6200 135 265 103 31 1 1
0.0000 6300 135 265 103 31 1 1
0.0000 6400 135 265 102 32 1 1
0.0000 6500 135 265 102 32 1 1
0.0000 6600 135 265 100 34 1 1
0.0000 6700 135 265 100 34 1 1
0.0000 6800 135 265 100 34 1 1
0.0000 6900 138 262 103 34 1 1
0.0000 7000 138 262 103 34 1 1
0.0000 7100 138 262 103 34 1 1
0.0000 7200 138 262 103 34 1 1
0.0000 7300 140 260 105 34 1 1
0.0000 7400 140 260 105 34 1 1
0.0000 7500 141 259 106 34 1 1
0.0000 7600 142 258 107 34 1 1
0.0000 7700 142 258 106 35 1 1
0.0000 7800 143 257 107 35 1 1
0.0000 7900 143 257 107 35 1 1
0.0000 8000 144 256 108 35 1 1
0.0000 8100 144 256 108 35 1 1
0.0000 8200 144 256 108 35 1 1
0.0000 8300 144 256 108 35 1 1
0.0000 8400 145 255 109 35 1 1
0.0000 8500 147 253 108 35 4 1
0.0000 8600 151 249 108 35 8 1
0.0000 8700 151 249 108 35 8 1
0.0000 8800 154 246 110 35 9 1
0.0000 8900 156 244 112 35 9 1
0.0000 9000 160 240 116 35 9 1
0.0000 9100 163 237 119 35 9 1
0.0000 9200 166 234 122 35 9 1
0.0000 9300 170 230 126 35 9 1
0.0000 9400 174 226 128 37 9 1
0.0000 9500 179 221 133 37 9 1
0.0000 9600 181 219 135 37 9 1
0.0000 9700 183 217 137 37 9 1
0.0000 9800 183 217 136 38 9 1
0.0000 9900 183 217 136 38 9 1
0.0000 10000 183 217 136 38 9 1
0.0000 10100 183 217 136 38 9 1
0.0000 10200 183 217 136 38 9 1
0.0000 10300 186 214 139 38 9 1
0.0000 10400 186 214 139 38 9 1
0.0000 10500 186 214 139 38 9 1
0.0000 10600 186 214 139 38 9 1
0.0000 10700 188 212 141 38 9 1
0.0000 10800 188 212 141 38 9 1
0.0000 10900 188 212 141 38 9 1
0.0000 11000 188 212 141 38 9 1
0.0000 11100 191 209 144 38 9 1
0.0000 11200 196 204 149 38 9 1
0.0000 11300 197 203 150 38 9 1
0.0000 11400 197 203 150 38 9 1
0.0000 11500 197 203 150 38 9 1
0.0000 11600 197 203 150 38 9 1
0.0000 11700 197 203 150 38 9 1
0.0000 11800 197 203 150 38 9 1
0.0000 11900 198 202 151 38 9 1
0.0000 12000 198 202 151 38 9 1
0.0000 12100 198 202 151 38 9 1
0.0000 12200 198 202 151 38 9 1
0.0000 12300 198 202 151 38 9 1
0.0000 12400 199 201 152 38 9 1
0.0000 12500 203 197 156 38 9 1
0.0000 12600 206 194 159 38 9 1
0.0000 12700 208 192 161 38 9 1
0.0000 12800 210 190 163 38 9 1
0.0000 12900 214 186 164 41 9 1
0.0000 13000 214 186 164 41 9 1
0.0000 13100 214 186 164 41 9 1
0.0000 13200 215 185 165 41 9 1
0.0000 13300 215 185 165 41 9 1
0.0000 13400 216 184 166 41 9 1
0.0000 13500 216 184 166 41 9 1
0.0000 13600 217 183 166 42 9 1
0.0000 13700 218 182 166 43 9 1
0.0000 13800 218 182 166 43 9 1
0.0000 13900 218 182 166 43 9 1
0.0000 14000 218 182 166 43 9 1
0.0000 14100 218 182 166 43 9 1
0.0000 14200 218 182 166 43 9 1
0.0000 14300 219 181 167 43 9 1
0.0000 14400 220 180 168 43 9 1
0.0000 14500 220 180 168 43 9 1
0.0000 14600 220 180 168 43 9 1
0.0000 14700 220 180 168 43 9 1
0.0000 14800 220 180 168 43 9 1
0.0000 14900 220 180 168 43 9 1
0.0000 15000 220 180 168 43 9 1
0.0000 15100 220 180 168 43 9 1
0.0000 15200 220 180 168 43 9 1
0.0000 15300 220 180 168 43 9 1
0.0000 15400 220 180 168 43 9 1
0.0000 15500 220 180 168 43 9 1
0.0000 15600 221 179 169 43 9 1
0.0000 15700 223 177 171 43 9 1
0.0000 15800 223 177 171 43 9 1
0.0000 15900 223 177 171 43 9 1
0.0000 16000 223 177 171 43 9 1
0.0000 16100 223 177 171 43 9 1
0.0000 16200 223 177 171 43 9 1
0.0000 16300 225 175 173 43 9 1
0.0000 16400 225 175 173 43 9 1
0.0000 16500 226 174 173 43 10 1
0.0000 16600 226 174 173 43 10 1
0.0000 16700 226 174 173 43 10 1
0.0000 16800 226 174 173 43 10 1
0.0000 16900 226 174 173 43 10 1
0.0000 17000 226 174 173 43 10 1
0.0000 17100 226 174 173 43 10 1
0.0000 17200 226 174 173 43 10 1
0.0000 17300 226 174 173 43 10 1
0.0000 17400 227 173 174 43 10 1
0.0000 17500 227 173 174 43 10 1
0.0000 17600 227 173 174 43 10 1
0.0000 17700 227 173 174 43 10 1
0.0000 17800 227 173 174 43 10 1
0.0000 17900 227 173 174 43 10 1
0.0000 18000 227 173 174 43 10 1
0.0000 18100 227 173 174 43 10 1
0.0000 18200 227 173 174 43 10 1
0.0000 18300 227 173 174 43 10 1
0.0000 18400 227 173 174 43 10 1
0.0000 18500 227 173 174 43 10 1
0.0000 18600 227 173 174 43 10 1
0.0000 18700 227 173 174 43 10 1
0.0000 18800 228 172 175 43 10 1
0.0000 18900 228 172 175 43 10 1
0.0000 19000 228 172 175 43 10 1
0.0000 19100 228 172 175 43 10 1
0.0000 19200 228 172 175 43 10 1
0.0000 19300 229 171 175 44 10 1
0.0000 19400 229 171 175 44 10 1
0.0000 19500 229 171 175 44 10 1
0.0000 19600 230 170 175 45 10 1
0.0000 19700 230 170 175 45 10 1
0.0000 19800 230 170 174 46 10 1
0.0000 19900 232 168 175 47 10 1
0.0000 20000 232 168 175 47 10 1
0.0000 0 1 399 0 1 0 0
0.0000 100 5 395 3 2 0 0
0.0000 200 9 391 7 2 0 0
0.0000 300 9 391 7 2 0 0
0.0000 400 10 390 7 3 0 0
0.0000 500 14 386 10 4 0 0
0.0000 600 18 382 14 4 0 0
0.0000 700 22 378 18 4 0 0
0.0000 800 27 373 23 4 0 0
0.0000 900 33 367 28 4 1 0
0.0000 1000 38 362 28 4 6 0
0.0000 1100 39 361 28 4 7 0
0.0000 1200 43 357 32 4 7 0
0.0000 1300 47 353 36 4 7 0
0.0000 1400 53 347 42 4 7 0
0.0000 1500 58 342 47 4 7 0
0.0000 1600 64 336 53 4 7 0
0.0000 1700 70 330 59 4 7 0
0.0000 1800 76 324 63 6 7 0
0.0000 1900 80 320 63 10 7 0
0.0000 2000 85 315 64 14 7 0
0.0000 2100 89 311 68 14 7 0
0.0000 2200 94 306 73 14 7 0
0.0000 2300 95 305 74 14 7 0
0.0000 2400 97 303 76 14 7 0
0.0000 2500 97 303 76 14 7 0
0.0000 2600 99 301 78 14 7 0
0.0000 2700 99 301 78 14 7 0
0.0000 2800 99 301 78 14 7 0
0.0000 2900 99 301 78 14 7 0
0.0000 3000 99 301 78 14 7 0
0.0000 3100 100 300 79 14 7 0
0.0000 3200 104 296 83 14 7 0
0.0000 3300 105 295 84 14 7 0
0.0000 3400 106 294 85 14 7 0
0.0000 3500 108 292 87 14 7 0
0.0000 3600 112 288 91 14 7 0
0.0000 3700 116 284 95 14 7 0
0.0000 3800 117 283 96 14 7 0
0.0000 3900 121 279 97 17 7 0
0.0000 4000 126 274 100 19 7 0
0.0000 4100 129 271 102 20 7 0
0.0000 4200 131 269 104 20 7 0
0.0000 4300 131 269 104 20 7 0
0.0000 4400 131 269 104 20 7 0
0.0000 4500 132 268 105 20 7 0
0.0000 4600 135 265 108 20 7 0
0.0000 4700 135 265 108 20 7 0
0.0000 4800 136 264 109 20 7 0
0.0000 4900 137 263 108 22 7 0
0.0000 5000 138 262 108 23 7 0
0.0000 5100 139 261 109 23 7 0
0.0000 5200 141 259 111 23 7 1
0.0000 5300 141 259 111 23 7 1
0.0000 5400 143 257 113 23 7 1
0.0000 5500 146 254 116 23 7 1
0.0000 5600 146 254 116 23 7 1
0.0000 5700 147 253 115 25 7 1
0.0000 5800 149 251 116 26 7 1
0.0000 5900 154 246 121 26 7 1
0.0000 6000 161 239 124 30 7 1
0.0000 6100 162 238 125 30 7 1
0.0000 6200 162 238 125 30 7 1
0.0000 6300 163 237 126 30 7 1
0.0000 6400 163 237 126 30 7 1
0.0000 6500 163 237 126 30 7 1
0.0000 6600 163 237 126 30 7 1
0.0000 6700 163 237 126 30 7 1
0.0000 6800 163 237 126 30 7 1
0.0000 6900 163 237 126 30 7 1
0.0000 7000 163 237 126 30 7 1
0.0000 7100 164 236 126 31 7 1
0.0000 7200 165 235 126 32 7 1
0.0000 7300 166 234 127 32 7 2
0.0000 7400 167 233 128 32 7 2
0.0000 7500 169 231 130 32 7 2
0.0000 7600 169 231 130 32 7 2
0.0000 7700 169 231 130 32 7 2
0.0000 7800 169 231 130 32 7 2
0.0000 7900 171 229 132 32 7 2
0.0000 8000 171 229 132 32 7 2
0.0000 8100 171 229 132 32 7 2
0.0000 8200 171 229 132 32 7 2
0.0000 8300 171 229 131 33 7 2
0.0000 8400 171 229 130 34 7 2
0.0000 8500 171 229 130 34 7 2
0.0000 8600 171 229 130 34 7 2
0.0000 8700 173 227 130 36 7 2
0.0000 8800 173 227 130 36 7 2
0.0000 8900 173 227 130 36 7 2
0.0000 9000 173 227 130 36 7 2
0.0000 9100 173 227 130 36 7 2
0.0000 9200 174 226 131 36 7 2
0.0000 9300 174 226 131 36 7 2
0.0000 9400 174 226 131 36 7 2
0.0000 9500 174 226 131 36 7 2
0.0000 9600 175 225 131 37 7 2
0.0000 9700 176 224 132 37 7 2
0.0000 9800 176 224 132 37 7 2
0.0000 9900 176 224 132 37 7 2
0.0000 10000 176 224 132 37 7 2
0.0000 10100 176 224 132 37 7 2
0.0000 10200 176 224 132 37 7 2
0.0000 10300 179 221 135 37 7 2
0.0000 10400 179 221 135 37 7 2
0.0000 10500 179 221 135 37 7 2
0.0000 10600 179 221 135 37 7 2
0.0000 10700 179 221 135 37 7 2
0.0000 10800 179 221 135 37 7 2
0.0000 10900 179 221 135 37 7 2
0.0000 11000 179 221 135 37 7 2
0.0000 11100 180 220 135 38 7 2
0.0000 11200 180 220 134 39 7 2
0.0000 11300 180 220 134 39 7 2
0.0000 11400 180 220 133 40 7 2
0.0000 11500 180 220 133 40 7 2
0.0000 11600 181 219 134 40 7 2
0.0000 11700 181 219 134 40 7 2
0.0000 11800 181 219 134 40 7 2
0.0000 11900 181 219 134 40 7 2
0.0000 12000 181 219 134 40 7 2
0.0000 12100 181 219 134 40 7 2
0.0000 12200 181 219 134 40 7 2
0.0000 12300 182 218 135 40 7 2
0.0000 12400 182 218 135 40 7 2
0.0000 12500 183 217 136 40 7 2
0.0000 12600 184 216 137 40 7 2
0.0000 12700 185 215 137 41 7 2
0.0000 12800 185 215 137 41 7 2
0.0000 12900 185 215 137 41 7 2
0.0000 13000 185 215 137 41 7 2
0.0000 13100 185 215 137 41 7 2
0.0000 13200 185 215 137 41 7 2
0.0000 13300 185 215 137 41 7 2
0.0000 13400 185 215 137 41 7 2
0.0000 13500 185 215 137 41 7 2
0.0000 13600 185 215 137 41 7 2
0.0000 13700 185 215 137 41 7 2
0.0000 13800 185 215 137 41 7 2
0.0000 13900 185 215 137 41 7 2
0.0000 14000 186 214 138 41 7 2
0.0000 14100 186 214 138 41 7 2
0.0000 14200 186 214 138 41 7 2
0.0000 14300 186 214 138 41 7 2
0.0000 14400 186 214 138 41 7 2
0.0000 14500 186 214 138 41 7 2
0.0000 14600 186 214 138 41 7 2
0.0000 14700 187 213 139 41 7 2
0.0000 14800 188 212 140 41 7 2
0.0000 14900 188 212 140 41 7 2
0.0000 15000 188 212 140 41 7 2
0.0000 15100 188 212 140 41 7 2
0.0000 15200 189 211 141 41 7 2
0.0000 15300 189 211 141 41 7 2
0.0000 15400 189 211 141 41 7 2
0.0000 15500 189 211 141 41 7 2
0.0000 15600 189 211 141 41 7 2
0.0000 15700 189 211 141 41 7 2
0.0000 15800 189 211 141 41 7 2
0.0000 15900 189 211 141 41 7 2
0.0000 16000 189 211 141 41 7 2
0.0000 16100 190 210 142 41 7 2
0.0000 16200 190 210 142 41 7 2
0.0000 16300 190 210 142 41 7 2
0.0000 16400 190 210 142 41 7 2
0.0000 16500 191 209 142 42 7 2
0.0000 16600 192 208 142 43 7 2
0.0000 16700 192 208 142 43 7 2
0.0000 16800 192 208 142 43 7 2
0.0000 16900 192 208 141 44 7 2
0.0000 17000 193 207 142 44 7 2
0.0000 17100 193 207 142 44 7 2
0.0000 17200 193 207 141 44 8 2
0.0000 17300 193 207 141 44 8 2
0.0000 17400 193 207 141 44 8 2
0.0000 17500 193 207 141 44 8 2
0.0000 17600 193 207 141 44 8 2
0.0000 17700 193 207 141 44 8 2
0.0000 17800 193 207 141 44 8 2
0.0000 17900 193 207 141 44 8 2
0.0000 18000 193 207 141 44 8 3
0.0000 18100 193 207 141 44 8 3
0.0000 18200 193 207 141 44 8 3
0.0000 18300 193 207 141 44 8 3
0.0000 18400 193 207 141 44 8 3
0.0000 18500 193 207 141 44 8 3
0.0000 18600 193 207 141 44 8 3
0.0000 18700 193 207 141 44 8 3
0.0000 18800 193 207 141 44 8 3
0.0000 18900 193 207 141 44 8 3
0.0000 19000 193 207 141 44 8 3
0.0000 19100 193 207 141 44 8 3
0.0000 19200 193 207 141 44 8 3
0.0000 19300 193 207 141 44 8 3
0.0000 19400 194 206 142 44 8 3
0.0000 19500 194 206 142 44 8 3
0.0000 19600 194 206 142 44 8 3
0.0000 19700 194 206 142 44 8 3
0.0000 19800 194 206 142 44 8 3
0.0000 19900 194 206 142 44 8 3
0.0000 20000 194 206 142 44 8 3
0.2500 0 1 399 0 1 0 0
0.2500 100 5 395 3 2 0 0
0.2500 200 9 391 7 2 0 0
0.2500 300 14 386 12 2 0 0
0.2500 400 17 383 15 2 0 0
0.2500 500 22 378 20 2 0 0
0.2500 600 25 375 23 2 0 0
0.2500 700 30 370 28 2 0 0
0.2500 800 35 365 27 8 0 0
0.2500 900 39 361 31 8 0 0
0.2500 1000 44 356 36 8 0 0
0.2500 1100 46 354 38 8 0 0
0.2500 1200 50 350 41 9 0 0
0.2500 1300 53 347 44 9 0 0
0.2500 1400 59 341 50 9 0 0
0.2500 1500 63 337 50 13 0 0
0.2500 1600 69 331 56 13 0 0
0.2500 1700 71 329 58 13 0 0
0.2500 1800 73 327 60 13 0 0
0.2500 1900 75 325 62 13 0 0
0.2500 2000 76 324 63 13 0 0
0.2500 2100 79 321 66 13 0 0
0.2500 2200 81 319 68 13 0 0
0.2500 2300 82 318 69 13 0 0
0.2500 2400 83 317 70 13 0 0
0.2500 2500 84 316 71 13 0 0
0.2500 2600 88 312 75 13 0 0
0.2500 2700 93 307 79 13 1 0
0.2500 2800 97 303 83 13 1 0
0.2500 2900 99 301 85 13 1 0
0.2500 3000 101 299 87 13 1 0
0.2500 3100 101 299 86 14 1 0
0.2500 3200 101 299 86 14 1 0
0.2500 3300 102 298 87 14 1 1
0.2500 3400 102 298 87 14 1 1
0.2500 3500 103 297 88 14 1 1
0.2500 3600 104 296 89 14 1 1
0.2500 3700 107 293 92 14 1 1
0.2500 3800 110 290 95 14 1 1
0.2500 3900 112 288 96 15 1 1
0.2500 4000 113 287 96 16 1 1
0.2500 4100 113 287 96 16 1 1
0.2500 4200 113 287 96 16 1 1
0.2500 4300 113 287 95 17 1 1
0.2500 4400 115 285 97 17 1 1
0.2500 4500 118 282 100 17 1 1
0.2500 4600 120 280 102 17 1 1
0.2500 4700 123 277 105 17 1 1
0.2500 4800 126 274 106 19 1 1
0.2500 4900 126 274 106 19 1 1
0.2500 5000 126 274 106 19 1 1
0.2500 5100 126 274 106 19 1 1
0.2500 5200 126 274 106 19 1 1
0.2500 5300 126 274 106 19 1 1
0.2500 5400 127 273 107 19 1 1
0.2500 5500 129 271 109 19 1 1
0.2500 5600 132 268 109 22 1 1
0.2500 5700 134 266 109 24 1 1
0.2500 5800 139 261 110 28 1 1
0.2500 5900 142 258 113 28 1 1
0.2500 6000 147 253 118 28 1 1
0.2500 6100 149 251 120 28 1 1
0.2500 6200 152 248 123 28 1 1
0.2500 6300 156 244 127 28 1 1
0.2500 6400 157 243 128 28 1 1
0.2500 6500 159 241 130 28 1 1
0.2500 6600 160 240 131 28 1 1
0.2500 6700 162 238 133 28 1 1
0.2500 6800 164 236 135 28 1 1
0.2500 6900 164 236 135 28 1 1
0.2500 7000 170 230 140 29 1 1
0.2500 7100 172 228 142 29 1 1
0.2500 7200 175 225 145 29 1 1
0.2500 7300 175 225 145 29 1 1
0.2500 7400 177 223 147 29 1 1
0.2500 7500 177 223 147 29 1 1
0.2500 7600 178 222 148 29 1 1
0.2500 7700 180 220 150 29 1 1
0.2500 7800 181 219 151 29 1 1
0.2500 7900 181 219 151 29 1 1
0.2500 8000 181 219 151 29 1 1
0.2500 8100 181 219 151 29 1 1
0.2500 8200 181 219 151 29 1 1
0.2500 8300 181 219 151 29 1 1
0.2500 8400 181 219 151 29 1 1
0.2500 8500 181 219 151 29 1 1
0.2500 8600 183 217 150 32 1 1
0.2500 8700 183 217 150 32 1 1
0.2500 8800 184 216 151 32 1 1
0.2500 8900 185 215 152 32 1 1
0.2500 9000 187 213 154 32 1 1
0.2500 9100 187 213 154 32 1 1
0.2500 9200 187 213 154 32 1 1
0.2500 9300 188 212 155 32 1 1
0.2500 9400 188 212 155 32 1 1
0.2500 9500 189 211 153 35 1 1
0.2500 9600 191 209 155 35 1 1
0.2500 9700 191 209 154 36 1 1
0.2500 9800 192 208 154 37 1 1
0.2500 9900 192 208 153 38 1 1
0.2500 10000 192 208 153 38 1 1
0.2500 10100 193 207 154 38 1 1
0.2500 10200 196 204 157 38 1 1
0.2500 10300 196 204 157 38 1 1
0.2500 10400 196 204 157 38 1 1
0.2500 10500 197 203 158 38 1 1
0.2500 10600 197 203 158 38 1 1
0.2500 10700 197 203 158 38 1 1
0.2500 10800 198 202 158 39 1 1
0.2500 10900 198 202 157 40 1 1
0.2500 11000 198 202 157 40 1 1
0.2500 11100 198 202 157 40 1 1
0.2500 11200 198 202 157 40 1 1
0.2500 11300 198 202 157 40 1 1
0.2500 11400 198 202 157 40 1 1
0.2500 11500 198 202 157 40 1 1
0.2500 11600 198 202 157 40 1 1
0.2500 11700 198 202 157 40 1 1
0.2500 11800 199 201 158 40 1 1
0.2500 11900 200 200 158 41 1 1
0.2500 12000 200 200 158 41 1 1
0.2500 12100 200 200 158 41 1 1
0.2500 12200 200 200 158 41 1 1
0.2500 12300 200 200 158 41 1 1
0.2500 12400 200 200 158 41 1 1
0.2500 12500 200 200 158 41 1 1
0.2500 12600 200 200 158 41 1 1
0.2500 12700 200 200 158 41 1 1
0.2500 12800 200 200 158 41 1 1
0.2500 12900 202 198 160 41 1 1
0.2500 13000 202 198 160 41 1 1
0.2500 13100 204 196 160 43 1 1
0.2500 13200 204 196 160 43 1 1
0.2500 13300 207 193 163 43 1 1
0.2500 13400 209 191 165 43 1 1
0.2500 13500 210 190 166 43 1 1
0.2500 13600 212 188 168 43 1 1
0.2500 13700 213 187 168 44 1 1
0.2500 13800 213 187 168 44 1 1
0.2500 13900 213 187 168 44 1 1
0.2500 14000 213 187 168 44 1 1
0.2500 14100 215 185 170 44 1 1
0.2500 14200 215 185 170 44 1 1
0.2500 14300 215 185 170 44 1 1
0.2500 14400 215 185 170 44 1 1
0.2500 14500 215 185 170 44 1 1
0.2500 14600 215 185 170 44 1 1
0.2500 14700 215 185 170 44 1 1
0.2500 14800 215 185 170 44 1 1
0.2500 14900 215 185 170 44 1 1
0.2500 15000 215 185 170 44 1 1
0.2500 15100 215 185 170 44 1 1
0.2500 15200 215 185 170 44 1 1
0.2500 15300 215 185 170 44 1 1
0.2500 15400 215 185 170 44 1 1
0.2500 15500 215 185 170 44 1 1
0.2500 15600 215 185 170 44 1 1
0.2500 15700 215 185 170 44 1 1
0.2500 15800 215 185 170 44 1 1
0.2500 15900 215 185 170 44 1 1
0.2500 16000 215 185 170 44 1 1
0.2500 16100 215 185 170 44 1 1
0.2500 16200 215 185 170 44 1 1
0.2500 16300 215 185 170 44 1 1
0.2500 16400 215 185 170 44 1 1
0.2500 16500 216 184 171 44 1 1
0.2500 16600 216 184 170 45 1 1
0.2500 16700 218 182 172 45 1 1
0.2500 16800 218 182 172 45 1 1
0.2500 16900 218 182 172 45 1 1
0.2500 17000 218 182 171 46 1 1
0.2500 17100 218 182 171 46 1 1
0.2500 17200 218 182 171 46 1 1
0.2500 17300 218 182 171 46 1 1
0.2500 17400 218 182 171 46 1 1
0.2500 17500 218 182 171 46 1 1
0.2500 17600 218 182 171 46 1 1
0.2500 17700 218 182 171 46 1 1
0.2500 17800 218 182 171 46 1 1
0.2500 17900 218 182 171 46 1 1
0.2500 18000 218 182 171 46 1 1
0.2500 18100 218 182 171 46 1 1
0.2500 18200 218 182 171 46 1 1
0.2500 18300 218 182 171 46 1 1
0.2500 18400 218 182 171 46 1 1
0.2500 18500 218 182 171 46 1 1
0.2500 18600 218 182 171 46 1 1
0.2500 18700 218 182 171 46 1 1
0.2500 18800 218 182 171 46 1 1
0.2500 18900 218 182 171 46 1 1
0.2500 19000 218 182 171 46 1 1
0.2500 19100 218 182 171 46 1 1
0.2500 19200 219 181 172 46 1 1
0.2500 19300 219 181 172 46 1 1
0.2500 19400 219 181 172 46 1 1
0.2500 19500 219 181 172 46 1 1
0.2500 19600 219 181 172 46 1 1
0.2500 19700 219 181 172 46 1 1
0.2500 19800 219 181 172 46 1 1
0.2500 19900 219 181 172 46 1 1
0.2500 20000 219 181 172 46 1 1
0.2500 0 1 399 0 1 0 0
0.2500 100 5 395 3 2 0 0
0.2500 200 9 391 7 2 0 0
0.2500 300 11 389 9 2 0 0
0.2500 400 15 385 12 3 0 0
0.2500 500 20 380 13 7 0 0
0.2500 600 25 375 18 7 0 0
0.2500 700 30 370 18 12 0 0
0.2500 800 33 367 21 12 0 0
0.2500 900 36 364 24 12 0 0
0.2500 1000 39 361 27 12 0 0
0.2500 1100 43 357 31 12 0 0
0.2500 1200 45 355 33 12 0 0
0.2500 1300 51 349 39 12 0 0
0.2500 1400 53 347 38 12 3 0
0.2500 1500 57 343 40 12 5 0
0.2500 1600 61 339 44 12 5 0
0.2500 1700 63 337 46 12 5 0
0.2500 1800 66 334 49 12 5 0
0.2500 1900 69 331 48 16 5 0
0.2500 2000 72 328 51 16 5 0
0.2500 2100 77 323 56 16 5 1
0.2500 2200 81 319 60 16 5 1
0.2500 2300 86 314 65 16 5 1
0.2500 2400 90 310 69 16 5 1
0.2500 2500 93 307 72 16 5 1
0.2500 2600 96 304 75 16 5 1
0.2500 2700 100 300 76 19 5 1
0.2500 2800 101 299 76 20 5 1
0.2500 2900 104 296 79 20 5 1
0.2500 3000 109 291 84 20 5 1
0.2500 3100 111 289 86 20 5 1
0.2500 3200 113 287 88 20 5 1
0.2500 3300 116 284 91 20 5 1
0.2500 3400 119 281 94 20 5 1
0.2500 3500 124 276 99 20 5 1
0.2500 3600 128 272 103 20 5 1
0.2500 3700 130 270 105 20 5 1
0.2500 3800 131 269 106 20 5 1
0.2500 3900 134 266 109 20 5 1
0.2500 4000 135 265 110 20 5 1
0.2500 4100 136 264 110 21 5 1
0.2500 4200 136 264 110 21 5 1
0.2500 4300 136 264 110 21 5 1
0.2500 4400 136 264 110 21 5 1
0.2500 4500 137 263 111 21 5 1
0.2500 4600 137 263 111 21 5 1
0.2500 4700 137 263 111 21 5 1
0.2500 4800 137 263 111 21 5 1
0.2500 4900 137 263 111 21 5 1
0.2500 5000 137 263 111 21 5 1
0.2500 5100 139 261 113 21 5 1
0.2500 5200 144 256 115 24 5 1
0.2500 5300 146 254 115 26 5 1
0.2500 5400 146 254 115 26 5 2
0.2500 5500 149 251 118 26 5 2
0.2500 5600 153 247 122 26 5 2
0.2500 5700 153 247 122 26 5 2
0.2500 5800 153 247 122 26 5 2
0.2500 5900 153 247 122 26 5 2
0.2500 6000 156 244 125 26 5 2
0.2500 6100 156 244 125 26 5 2
0.2500 6200 156 244 125 26 5 2
0.2500 6300 156 244 125 26 5 2
0.2500 6400 156 244 125 26 5 2
0.2500 6500 156 244 125 26 5 2
0.2500 6600 156 244 125 26 5 2
0.2500 6700 156 244 125 26 5 2
0.2500 6800 156 244 125 26 5 2
0.2500 6900 156 244 125 26 5 2
0.2500 7000 156 244 125 26 5 2
0.2500 7100 156 244 125 26 5 2
0.2500 7200 156 244 125 26 5 2
0.2500 7300 157 243 125 27 5 2
0.2500 7400 158 242 126 27 5 2
0.2500 7500 158 242 126 27 5 2
0.2500 7600 163 237 127 31 5 2
0.2500 7700 164 236 127 32 5 2
0.2500 7800 164 236 127 32 5 3
0.2500 7900 164 236 127 32 5 3
0.2500 8000 165 235 128 32 5 3
0.2500 8100 165 235 128 32 5 3
0.2500 8200 165 235 127 33 5 3
0.2500 8300 165 235 127 33 5 3
0.2500 8400 165 235 127 33 5 3
0.2500 8500 165 235 125 35 5 3
0.2500 8600 165 235 125 35 5 3
0.2500 8700 166 234 126 35 5 3
0.2500 8800 166 234 126 35 5 3
0.2500 8900 168 232 128 35 5 3
0.2500 9000 168 232 128 35 5 3
0.2500 9100 168 232 128 35 5 3
0.2500 9200 169 231 129 35 5 3
0.2500 9300 169 231 129 35 5 3
0.2500 9400 170 230 130 35 5 3
0.2500 9500 170 230 130 35 5 3
0.2500 9600 170 230 130 35 5 3
0.2500 9700 170 230 130 35 5 3
0.2500 9800 172 228 132 35 5 3
0.2500 9900 173 227 133 35 5 3
0.2500 10000 175 225 135 35 5 3
0.2500 10100 177 223 137 35 5 3
0.2500 10200 177 223 137 35 5 3
0.2500 10300 178 222 137 36 5 3
0.2500 10400 178 222 137 36 5 3
0.2500 10500 178 222 137 36 5 3
0.2500 10600 178 222 137 36 5 3
0.2500 10700 178 222 137 36 5 3
0.2500 10800 178 222 137 36 5 3
0.2500 10900 178 222 137 36 5 3
0.2500 11000 179 221 138 36 5 3
0.2500 11100 179 221 138 36 5 3
0.2500 11200 179 221 138 36 5 3
0.2500 11300 179 221 138 36 5 3
0.2500 11400 179 221 138 36 5 3
0.2500 11500 184 216 143 36 5 3
0.2500 11600 184 216 143 36 5 3
0.2500 11700 186 214 145 36 5 3
0.2500 11800 186 214 145 36 5 3
0.2500 11900 186 214 145 36 5 3
0.2500 12000 186 214 145 36 5 3
0.2500 12100 188 212 147 36 5 3
0.2500 12200 189 211 148 36 5 3
0.2500 12300 190 210 149 36 5 3
0.2500 12400 190 210 149 36 5 3
0.2500 12500 191 209 150 36 5 3
0.2500 12600 191 209 150 36 5 3
0.2500 12700 191 209 150 36 5 3
0.2500 12800 191 209 150 36 5 3
0.2500 12900 191 209 150 36 5 3
0.2500 13000 191 209 150 36 5 3
0.2500 13100 191 209 150 36 5 3
0.2500 13200 191 209 150 36 5 3
0.2500 13300 191 209 150 36 5 3
0.2500 13400 191 209 150 36 5 3
0.2500 13500 191 209 150 36 5 3
0.2500 13600 191 209 150 36 5 3
0.2500 13700 191 209 150 36 5 3
0.2500 13800 191 209 150 36 5 3
0.2500 13900 191 209 150 36 5 3
0.2500 14000 191 209 150 36 5 3
0.2500 14100 191 209 150 36 5 3
0.2500 14200 191 209 150 36 5 3
0.2500 14300 194 206 152 37 5 3
0.2500 14400 198 202 152 41 5 3
0.2500 14500 198 202 152 41 5 3
0.2500 14600 198 202 152 41 5 3
0.2500 14700 198 202 152 41 5 3
0.2500 14800 198 202 152 41 5 3
0.2500 14900 199 201 153 41 5 3
0.2500 15000 199 201 153 41 5 3
0.2500 15100 200 200 154 41 5 3
0.2500 15200 201 199 155 41 5 3
0.2500 15300 201 199 155 41 5 3
0.2500 15400 201 199 155 41 5 3
0.2500 15500 201 199 155 41 5 3
0.2500 15600 201 199 155 41 5 3
0.2500 15700 202 198 154 41 7 3
0.2500 15800 202 198 154 41 7 3
0.2500 15900 202 198 154 41 7 3
0.2500 16000 202 198 154 41 7 3
0.2500 16100 203 197 155 41 7 3
0.2500 16200 203 197 155 41 7 3
0.2500 16300 203 197 155 41 7 3
0.2500 16400 203 197 155 41 7 3
0.2500 16500 203 197 155 41 7 3
0.2500 16600 203 197 155 41 7 4
0.2500 16700 205 195 157 41 7 4
0.2500 16800 206 194 157 42 7 4
0.2500 16900 207 193 157 43 7 4
0.2500 17000 207 193 157 43 7 4
0.2500 17100 207 193 157 43 7 4
0.2500 17200 207 193 157 43 7 4
0.2500 17300 207 193 157 43 7 4
0.2500 17400 207 193 157 43 7 4
0.2500 17500 207 193 157 43 7 4
0.2500 17600 207 193 157 43 7 4
0.2500 17700 207 193 157 43 7 4
0.2500 17800 207 193 157 43 7 4
0.2500 17900 208 192 158 43 7 4
0.2500 18000 211 189 161 43 7 4
0.2500 18100 211 189 161 43 7 4
0.2500 18200 211 189 161 43 7 4
0.2500 18300 211 189 161 43 7 4
0.2500 18400 211 189 161 43 7 4
0.2500 18500 211 189 161 43 7 4
0.2500 18600 211 189 161 43 7 4
0.2500 18700 211 189 161 43 7 4
0.2500 18800 211 189 161 43 7 4
0.2500 18900 211 189 161 43 7 4
0.2500 19000 211 189 161 43 7 4
0.2500 19100 211 189 161 43 7 4
0.2500 19200 212 188 162 43 7 4
0.2500 19300 212 188 162 43 7 4
0.2500 19400 212 188 162 43 7 4
0.2500 19500 212 188 162 43 7 4
0.2500 19600 212 188 162 43 7 4
0.2500 19700 212 188 162 43 7 4
0.2500 19800 212 188 162 43 7 4
0.2500 19900 212 188 162 43 7 4
0.2500 20000 212 188 162 43 7 4
0.2500 0 1 399 0 1 0 0
0.2500 100 5 395 3 2 0 0
0.2500 200 8 392 6 2 0 0
0.2500 300 9 391 7 2 0 0
0.2500 400 14 386 12 2 0 0
0.2500 500 18 382 16 2 0 0
0.2500 600 24 376 21 3 0 0
0.2500 700 29 371 21 8 0 0
0.2500 800 32 368 21 11 0 0
0.2500 900 35 365 24 11 0 0
0.2500 1000 39 361 26 13 0 0
0.2500 1100 41 359 26 15 0 0
0.2500 1200 42 358 27 15 0 0
0.2500 1300 45 355 30 15 0 0
0.2500 1400 49 351 34 15 0 0
0.2500 1500 52 348 37 15 0 0
0.2500 1600 52 348 37 15 0 0
0.2500 1700 52 348 37 15 0 0
0.2500 1800 56 344 41 15 0 0
0.2500 1900 59 341 42 15 2 0
0.2500 2000 61 339 42 15 4 0
0.2500 2100 61 339 42 15 4 0
0.2500 2200 63 337 44 15 4 0
0.2500 2300 63 337 44 15 4 0
0.2500 2400 63 337 44 15 4 0
0.2500 2500 64 336 45 15 4 0
0.2500 2600 65 335 46 15 4 0
0.2500 2700 66 334 47 15 4 0
0.2500 2800 66 334 47 15 4 0
0.2500 2900 67 333 48 15 4 0
0.2500 3000 68 332 49 15 4 0
0.2500 3100 73 327 54 15 4 0
0.2500 3200 76 324 57 15 4 0
0.2500 3300 76 324 57 15 4 0
0.2500 3400 78 322 57 17 4 0
0.2500 3500 78 322 57 17 4 0
0.2500 3600 78 322 57 17 4 0
0.2500 3700 78 322 57 17 4 0
0.2500 3800 78 322 56 18 4 0
0.2500 3900 81 319 58 19 4 0
0.2500 4000 85 315 62 19 4 0
0.2500 4100 89 311 65 20 4 0
0.2500 4200 90 310 66 20 4 0
0.2500 4300 91 309 67 20 4 0
0.2500 4400 91 309 66 21 4 0
0.2500 4500 91 309 66 21 4 0
0.2500 4600 92 308 67 21 4 0
0.2500 4700 92 308 67 21 4 0
0.2500 4800 96 304 71 21 4 0
0.2500 4900 98 302 73 21 4 0
0.2500 5000 100 300 75 21 4 0
0.2500 5100 104 296 76 24 4 0
0.2500 5200 105 295 76 25 4 0
0.2500 5300 109 291 80 25 4 1
0.2500 5400 113 287 84 25 4 1
0.2500 5500 118 282 89 25 4 1
0.2500 5600 118 282 89 25 4 1
0.2500 5700 120 280 91 25 4 1
0.2500 5800 122 278 92 26 4 1
0.2500 5900 122 278 92 26 4 1
0.2500 6000 123 277 92 27 4 1
0.2500 6100 123 277 92 27 4 1
0.2500 6200 123 277 92 27 4 1
0.2500 6300 123 277 92 27 4 1
0.2500 6400 123 277 92 27 4 1
0.2500 6500 123 277 92 27 4 1
0.2500 6600 124 276 92 28 4 1
0.2500 6700 124 276 92 28 4 1
0.2500 6800 124 276 92 28 4 1
0.2500 6900 125 275 93 28 4 1
0.2500 7000 125 275 93 28 4 1
0.2500 7100 125 275 93 28 4 1
0.2500 7200 125 275 93 28 4 1
0.2500 7300 126 274 94 28 4 1
0.2500 7400 127 273 94 29 4 1
0.2500 7500 130 270 97 29 4 2
0.2500 7600 133 267 100 29 4 2
0.2500 7700 136 264 103 29 4 2
0.2500 7800 137 263 104 29 4 2
0.2500 7900 141 259 108 29 4 2
0.2500 8000 141 259 108 29 4 2
0.2500 8100 141 259 108 29 4 2
0.2500 8200 143 257 110 29 4 2
0.2500 8300 143 257 110 29 4 2
0.2500 8400 143 257 110 29 4 2
0.2500 8500 143 257 110 29 4 2
0.2500 8600 143 257 110 29 4 2
0.2500 8700 144 256 111 29 4 2
0.2500 8800 144 256 111 29 4 2
0.2500 8900 144 256 111 29 4 2
0.2500 9000 144 256 111 29 4 2
0.2500 9100 144 256 111 29 4 2
0.2500 9200 144 256 111 29 4 2
0.2500 9300 144 256 111 29 4 2
0.2500 9400 144 256 111 29 4 2
0.2500 9500 144 256 111 29 4 2
0.2500 9600 144 256 111 29 4 2
0.2500 9700 145 255 112 29 4 2
0.2500 9800 145 255 112 29 4 2
0.2500 9900 145 255 112 29 4 2
0.2500 10000 145 255 112 29 4 2
0.2500 10100 145 255 112 29 4 2
0.2500 10200 146 254 112 30 4 2
0.2500 10300 147 253 113 30 4 2
0.2500 10400 147 253 113 30 4 2
0.2500 10500 147 253 113 30 4 2
0.2500 10600 147 253 113 30 4 2
0.2500 10700 148 252 114 30 4 2
0.2500 10800 149 251 115 30 4 2
0.2500 10900 149 251 115 30 4 2
0.2500 11000 149 251 115 30 4 2
0.2500 11100 149 251 115 30 4 2
0.2500 11200 149 251 115 30 4 2
0.2500 11300 149 251 115 30 4 3
0.2500 11400 149 251 115 30 4 3
0.2500 11500 149 251 115 30 4 3
0.2500 11600 149 251 115 30 4 3
0.2500 11700 149 251 115 30 4 3
0.2500 11800 149 251 115 30 4 3
0.2500 11900 149 251 115 30 4 3
0.2500 12000 149 251 115 30 4 3
0.2500 12100 149 251 115 30 4 3
0.2500 12200 149 251 115 30 4 3
0.2500 12300 149 251 114 31 4 3
0.2500 12400 149 251 114 31 4 3
0.2500 12500 149 251 113 32 4 3
0.2500 12600 149 251 113 32 4 3
0.2500 12700 149 251 113 32 4 3
0.2500 12800 149 251 113 32 4 3
0.2500 12900 149 251 113 32 4 3
0.2500 13000 149 251 113 32 4 3
0.2500 13100 150 250 114 32 4 3
0.2500 13200 150 250 114 32 4 3
0.2500 13300 150 250 114 32 4 3
0.2500 13400 150 250 114 32 4 3
0.2500 13500 150 250 114 32 4 3
0.2500 13600 151 249 115 32 4 3
0.2500 13700 151 249 115 32 4 3
0.2500 13800 151 249 115 32 4 3
0.2500 13900 151 249 115 32 4 3
0.2500 14000 151 249 115 32 4 3
0.2500 14100 151 249 115 32 4 3
0.2500 14200 151 249 115 32 4 3
0.2500 14300 151 249 115 32 4 3
0.2500 14400 151 249 115 32 4 3
0.2500 14500 151 249 115 32 4 3
0.2500 14600 151 249 115 32 4 3
0.2500 14700 151 249 115 32 4 3
0.2500 14800 151 249 115 32 4 3
0.2500 14900 151 249 115 32 4 3
0.2500 15000 151 249 115 32 4 3
0.2500 15100 151 249 115 32 4 3
0.2500 15200 151 249 115 32 4 3
0.2500 15300 152 248 116 32 4 3
0.2500 15400 152 248 116 32 4 3
0.2500 15500 152 248 116 32 4 3
0.2500 15600 153 247 117 32 4 3
0.2500 15700 153 247 117 32 4 3
0.2500 15800 155 245 119 32 4 4
0.2500 15900 156 244 120 32 4 4
0.2500 16000 156 244 120 32 4 4
0.2500 16100 156 244 120 32 4 4
0.2500 16200 156 244 120 32 4 4
0.2500 16300 156 244 120 32 4 4
0.2500 16400 157 243 121 32 4 4
0.2500 16500 157 243 121 32 4 4
0.2500 16600 157 243 121 32 4 4
0.2500 16700 157 243 121 32 4 4
0.2500 16800 158 242 122 32 4 4
0.2500 16900 158 242 122 32 4 4
0.2500 17000 158 242 122 32 4 4
0.2500 17100 158 242 122 32 4 4
0.2500 17200 158 242 122 32 4 4
0.2500 17300 159 241 123 32 4 4
0.2500 17400 159 241 123 32 4 4
0.2500 17500 159 241 123 32 4 4
0.2500 17600 159 241 123 32 4 4
0.2500 17700 159 241 123 32 4 4
0.2500 17800 159 241 123 32 4 4
0.2500 17900 159 241 123 32 4 4
0.2500 18000 159 241 123 32 4 4
0.2500 18100 159 241 123 32 4 4
0.2500 18200 159 241 123 32 4 4
0.2500 18300 159 241 123 32 4 4
0.2500 18400 159 241 123 32 4 4
0.2500 18500 159 241 123 32 4 4
0.2500 18600 159 241 123 32 4 4
0.2500 18700 160 240 124 32 4 4
0.2500 18800 160 240 124 32 4 4
0.2500 18900 160 240 124 32 4 4
0.2500 19000 160 240 124 32 4 4
0.2500 19100 160 240 124 32 4 4
0.2500 19200 160 240 124 32 4 4
0.2500 19300 160 240 124 32 4 4
0.2500 19400 160 240 124 32 4 4
0.2500 19500 160 240 124 32 4 4
0.2500 19600 160 240 124 32 4 4
0.2500 19700 160 240 124 32 4 4
0.2500 19800 160 240 124 32 4 4
0.2500 19900 160 240 124 32 4 4
0.2500 20000 160 240 124 32 4 4
0.5000 0 1 399 0 1 0 0
0.5000 100 5 395 3 2 0 0
0.5000 200 8 392 6 2 0 0
0.5000 300 11 389 9 2 0 0
0.5000 400 13 387 11 2 0 0
0.5000 500 15 385 11 4 0 0
0.5000 600 20 380 16 4 0 0
0.5000 700 24 376 20 4 0 0
0.5000 800 29 371 25 4 0 0
0.5000 900 31 369 27 4 0 0
0.5000 1000 33 367 29 4 0 0
0.5000 1100 34 366 30 4 0 0
0.5000 1200 38 362 34 4 0 0
0.5000 1300 41 359 35 6 0 0
0.5000 1400 45 355 35 10 0 0
0.5000 1500 49 351 39 10 0 0
0.5000 1600 54 346 44 10 0 0
0.5000 1700 58 342 44 14 0 0
0.5000 1800 62 338 48 14 0 0
0.5000 1900 67 333 49 18 0 0
0.5000 2000 67 333 49 18 0 0
0.5000 2100 68 332 50 18 0 0
0.5000 2200 71 329 53 18 0 0
0.5000 2300 74 326 56 18 0 0
0.5000 2400 77 323 56 21 0 0
0.5000 2500 81 319 56 25 0 0
0.5000 2600 85 315 58 27 0 0
0.5000 2700 89 311 61 28 0 0
0.5000 2800 91 309 61 30 0 0
0.5000 2900 92 308 61 31 0 0
0.5000 3000 93 307 61 32 0 0
0.5000 3100 96 304 64 32 0 0
0.5000 3200 101 299 69 32 0 0
0.5000 3300 104 296 72 32 0 0
0.5000 3400 106 294 74 32 0 0
0.5000 3500 108 292 76 32 0 0
0.5000 3600 111 289 79 32 0 0
0.5000 3700 113 287 79 34 0 0
0.5000 3800 113 287 79 34 0 0
0.5000 3900 113 287 79 34 0 0
0.5000 4000 115 285 81 34 0 0
0.5000 4100 115 285 81 34 0 0
0.5000 4200 115 285 81 34 0 0
0.5000 4300 115 285 81 34 0 0
0.5000 4400 115 285 81 34 0 0
0.5000 4500 116 284 82 34 0 0
0.5000 4600 117 283 83 34 0 0
0.5000 4700 117 283 82 35 0 0
0.5000 4800 117 283 82 35 0 0
0.5000 4900 118 282 83 35 0 0
0.5000 5000 120 280 84 36 0 0
0.5000 5100 125 275 86 39 0 0
0.5000 5200 127 273 88 39 0 0
0.5000 5300 128 272 89 39 0 0
0.5000 5400 129 271 90 39 0 0
0.5000 5500 134 266 95 39 0 0
0.5000 5600 137 263 98 39 0 0
0.5000 5700 141 259 102 39 0 0
0.5000 5800 145 255 106 39 0 0
0.5000 5900 147 253 108 39 0 0
0.5000 6000 149 251 110 39 0 0
0.5000 6100 153 247 114 39 0 0
0.5000 6200 157 243 118 39 0 0
0.5000 6300 158 242 119 39 0 0
0.5000 6400 158 242 119 39 0 0
0.5000 6500 159 241 119 40 0 0
0.5000 6600 162 238 122 40 0 0
0.5000 6700 163 237 123 40 0 0
0.5000 6800 163 237 123 40 0 0
0.5000 6900 164 236 122 42 0 0
0.5000 7000 164 236 122 42 0 0
0.5000 7100 165 235 123 42 0 0
0.5000 7200 166 234 124 42 0 0
0.5000 7300 168 232 126 42 0 0
0.5000 7400 169 231 127 42 0 0
0.5000 7500 170 230 128 42 0 0
0.5000 7600 172 228 130 42 0 0
0.5000 7700 175 225 133 42 0 0
0.5000 7800 179 221 137 42 0 0
0.5000 7900 180 220 138 42 0 0
0.5000 8000 180 220 138 42 0 0
0.5000 8100 181 219 139 42 0 0
0.5000 8200 181 219 139 42 0 0
0.5000 8300 181 219 139 42 0 0
0.5000 8400 181 219 139 42 0 0
0.5000 8500 181 219 139 42 0 0
0.5000 8600 183 217 141 42 0 0
0.5000 8700 183 217 141 42 0 0
0.5000 8800 183 217 141 42 0 0
0.5000 8900 184 216 142 42 0 0
0.5000 9000 184 216 142 42 0 0
0.5000 9100 184 216 142 42 0 0
0.5000 9200 185 215 142 43 0 0
0.5000 9300 186 214 143 43 0 0
0.5000 9400 187 213 144 43 0 0
0.5000 9500 188 212 144 44 0 0
0.5000 9600 188 212 144 44 0 0
0.5000 9700 189 211 145 44 0 0
0.5000 9800 189 211 145 44 0 0
0.5000 9900 189 211 145 44 0 0
0.5000 10000 189 211 145 44 0 0
0.5000 10100 189 211 145 44 0 0
0.5000 10200 189 211 145 44 0 0
0.5000 10300 189 211 145 44 0 0
0.5000 10400 189 211 145 44 0 0
0.5000 10500 193 207 149 44 0 0
0.5000 10600 193 207 149 44 0 0
0.5000 10700 193 207 149 44 0 0
0.5000 10800 194 206 150 44 0 0
0.5000 10900 195 205 151 44 0 0
0.5000 11000 195 205 151 44 0 0
0.5000 11100 196 204 152 44 0 0
0.5000 11200 196 204 152 44 0 0
0.5000 11300 197 203 153 44 0 0
0.5000 11400 200 200 156 44 0 0
0.5000 11500 202 198 158 44 0 0
0.5000 11600 203 197 159 44 0 0
0.5000 11700 203 197 159 44 0 0
0.5000 11800 203 197 159 44 0 0
0.5000 11900 204 196 159 45 0 0
0.5000 12000 204 196 159 45 0 0
0.5000 12100 204 196 159 45 0 0
0.5000 12200 204 196 159 45 0 0
0.5000 12300 204 196 159 45 0 0
0.5000 12400 204 196 159 45 0 0
0.5000 12500 204 196 159 45 0 0
0.5000 12600 204 196 159 45 0 0
0.5000 12700 204 196 159 45 0 0
0.5000 12800 204 196 159 45 0 0
0.5000 12900 204 196 159 45 0 0
0.5000 13000 204 196 159 45 0 0
0.5000 13100 204 196 159 45 0 0
0.5000 13200 205 195 160 45 0 0
0.5000 13300 205 195 160 45 0 0
0.5000 13400 205 195 160 45 0 0
0.5000 13500 205 195 160 45 0 0
0.5000 13600 205 195 160 45 0 0
0.5000 13700 205 195 160 45 0 0
0.5000 13800 205 195 160 45 0 0
0.5000 13900 206 194 161 45 0 0
0.5000 14000 206 194 161 45 0 0
0.5000 14100 206 194 161 45 0 0
0.5000 14200 206 194 161 45 0 0
0.5000 14300 206 194 161 45 0 0
0.5000 14400 206 194 161 45 0 0
0.5000 14500 206 194 161 45 0 0
0.5000 14600 211 189 166 45 0 0
0.5000 14700 213 187 167 45 1 0
0.5000 14800 216 184 167 45 4 0
0.5000 14900 216 184 167 45 4 0
0.5000 15000 216 184 167 45 4 0
0.5000 15100 216 184 167 45 4 0
0.5000 15200 216 184 167 45 4 0
0.5000 15300 216 184 167 45 4 0
0.5000 15400 216 184 167 45 4 1
0.5000 15500 216 184 167 45 4 1
0.5000 15600 216 184 167 45 4 1
0.5000 15700 216 184 167 45 4 1
0.5000 15800 217 183 168 45 4 1
0.5000 15900 217 183 168 45 4 1
0.5000 16000 217 183 168 45 4 1
0.5000 16100 217 183 168 45 4 1
0.5000 16200 217 183 168 45 4 1
0.5000 16300 217 183 168 45 4 1
0.5000 16400 217 183 167 46 4 1
0.5000 16500 217 183 167 46 4 1
0.5000 16600 217 183 167 46 4 1
0.5000 16700 217 183 167 46 4 1
0.5000 16800 217 183 167 46 4 1
0.5000 16900 217 183 167 46 4 1
0.5000 17000 217 183 166 47 4 1
0.5000 17100 217 183 166 47 4 1
0.5000 17200 217 183 166 47 4 1
0.5000 17300 217 183 166 47 4 1
0.5000 17400 217 183 166 47 4 1
0.5000 17500 217 183 166 47 4 1
0.5000 17600 217 183 166 47 4 1
0.5000 17700 217 183 166 47 4 1
0.5000 17800 217 183 166 47 4 1
0.5000 17900 217 183 166 47 4 1
0.5000 18000 217 183 166 47 4 1
0.5000 18100 217 183 166 47 4 1
0.5000 18200 217 183 166 47 4 1
0.5000 18300 217 183 166 47 4 1
0.5000 18400 218 182 167 47 4 1
0.5000 18500 218 182 167 47 4 1
0.5000 18600 218 182 167 47 4 1
0.5000 18700 218 182 167 47 4 2
0.5000 18800 218 182 167 47 4 2
0.5000 18900 218 182 167 47 4 2
0.5000 19000 218 182 167 47 4 2
0.5000 19100 218 182 167 47 4 2
0.5000 19200 218 182 167 47 4 2
0.5000 19300 218 182 167 47 4 2
0.5000 19400 218 182 167 47 4 2
0.5000 19500 220 180 169 47 4 2
0.5000 19600 220 180 169 47 4 2
0.5000 19700 220 180 169 47 4 2
0.5000 19800 220 180 169 47 4 2
0.5000 19900 221 179 170 47 4 2
0.5000 20000 221 179 170 47 4 2
0.5000 0 1 399 0 1 0 0
0.5000 100 5 395 3 2 0 0
0.5000 200 8 392 6 2 0 0
0.5000 300 12 388 10 2 0 0
0.5000 400 14 386 12 2 0 0
0.5000 500 14 386 12 2 0 0
0.5000 600 17 383 15 2 0 0
0.5000 700 22 378 20 2 0 0
0.5000 800 24 376 22 2 0 0
0.5000 900 25 375 23 2 0 0
0.5000 1000 28 372 26 2 0 0
0.5000 1100 31 369 29 2 0 0
0.5000 1200 34 366 32 2 0 0
0.5000 1300 38 362 36 2 0 0
0.5000 1400 42 358 40 2 0 0
0.5000 1500 45 355 43 2 0 0
0.5000 1600 50 350 48 2 0 0
0.5000 1700 54 346 52 2 0 0
0.5000 1800 58 342 56 2 0 0
0.5000 1900 60 340 58 2 0 0
0.5000 2000 64 336 62 2 0 0
0.5000 2100 67 333 65 2 0 0
0.5000 2200 68 332 66 2 0 0
0.5000 2300 70 330 68 2 0 0
0.5000 2400 72 328 70 2 0 0
0.5000 2500 72 328 70 2 0 0
0.5000 2600 76 324 74 2 0 0
0.5000 2700 79 321 77 2 0 0
0.5000 2800 81 319 79 2 0 0
0.5000 2900 83 317 81 2 0 0
0.5000 3000 84 316 82 2 0 0
0.5000 3100 87 313 85 2 0 0
0.5000 3200 90 310 88 2 0 0
0.5000 3300 93 307 88 2 3 0
0.5000 3400 95 305 88 2 5 0
0.5000 3500 95 305 88 2 5 0
0.5000 3600 95 305 88 2 5 0
0.5000 3700 95 305 88 2 5 0
0.5000 3800 95 305 88 2 5 0
0.5000 3900 95 305 88 2 5 0
0.5000 4000 96 304 87 4 5 0
0.5000 4100 102 298 90 7 5 0
0.5000 4200 106 294 94 7 5 0
0.5000 4300 110 290 98 7 5 0
0.5000 4400 113 287 101 7 5 0
0.5000 4500 113 287 101 7 5 0
0.5000 4600 114 286 102 7 5 0
0.5000 4700 117 283 105 7 5 0
0.5000 4800 120 280 105 10 5 0
0.5000 4900 121 279 105 11 5 0
0.5000 5000 125 275 109 11 5 0
0.5000 5100 130 270 110 15 5 0
0.5000 5200 132 268 110 17 5 0
0.5000 5300 133 267 111 17 5 0
0.5000 5400 134 266 112 17 5 0
0.5000 5500 134 266 111 18 5 0
0.5000 5600 134 266 111 18 5 0
0.5000 5700 134 266 111 18 5 0
0.5000 5800 134 266 111 18 5 0
0.5000 5900 134 266 111 18 5 0
0.5000 6000 135 265 112 18 5 0
0.5000 6100 136 264 113 18 5 0
0.5000 6200 139 261 116 18 5 0
0.5000 6300 140 260 117 18 5 0
0.5000 6400 142 258 119 18 5 0
0.5000 6500 144 256 121 18 5 0
0.5000 6600 146 254 123 18 5 0
0.5000 6700 148 252 122 21 5 0
0.5000 6800 148 252 122 21 5 0
0.5000 6900 153 247 125 23 5 0
0.5000 7000 155 245 127 23 5 0
0.5000 7100 156 244 128 23 5 0
0.5000 7200 158 242 128 25 5 0
0.5000 7300 158 242 128 25 5 0
0.5000 7400 158 242 128 25 5 0
0.5000 7500 158 242 128 25 5 0
0.5000 7600 158 242 128 25 5 0
0.5000 7700 158 242 128 25 5 0
0.5000 7800 159 241 128 25 6 0
0.5000 7900 161 239 129 25 7 0
0.5000 8000 162 238 130 25 7 0
0.5000 8100 163 237 131 25 7 0
0.5000 8200 163 237 131 25 7 0
0.5000 8300 164 236 132 25 7 0
0.5000 8400 167 233 135 25 7 0
0.5000 8500 170 230 138 25 7 0
0.5000 8600 170 230 138 25 7 0
0.5000 8700 170 230 138 25 7 0
0.5000 8800 171 229 139 25 7 1
0.5000 8900 172 228 140 25 7 1
0.5000 9000 172 228 140 25 7 1
0.5000 9100 172 228 140 25 7 1
0.5000 9200 175 225 143 25 7 1
0.5000 9300 175 225 143 25 7 1
0.5000 9400 178 222 146 25 7 1
0.5000 9500 179 221 147 25 7 1
0.5000 9600 179 221 147 25 7 1
0.5000 9700 180 220 148 25 7 1
0.5000 9800 180 220 148 25 7 1
0.5000 9900 180 220 148 25 7 1
0.5000 10000 180 220 147 26 7 1
0.5000 10100 180 220 147 26 7 1
0.5000 10200 180 220 147 26 7 1
0.5000 10300 180 220 147 26 7 1
0.5000 10400 181 219 148 26 7 1
0.5000 10500 181 219 148 26 7 1
0.5000 10600 181 219 148 26 7 1
0.5000 10700 182 218 148 27 7 1
0.5000 10800 182 218 148 27 7 1
0.5000 10900 183 217 149 27 7 1
0.5000 11000 185 215 151 27 7 1
0.5000 11100 185 215 151 27 7 1
0.5000 11200 185 215 151 27 7 1
0.5000 11300 187 213 153 27 7 1
0.5000 11400 187 213 153 27 7 1
0.5000 11500 187 213 153 27 7 1
0.5000 11600 187 213 153 27 7 1
0.5000 11700 188 212 153 28 7 1
0.5000 11800 188 212 153 28 7 1
0.5000 11900 188 212 153 28 7 1
0.5000 12000 188 212 153 28 7 1
0.5000 12100 188 212 153 28 7 1
0.5000 12200 189 211 154 28 7 1
0.5000 12300 189 211 154 28 7 1
0.5000 12400 189 211 154 28 7 1
0.5000 12500 189 211 154 28 7 1
0.5000 12600 189 211 154 28 7 1
0.5000 12700 189 211 154 28 7 1
0.5000 12800 193 207 155 31 7 1
0.5000 12900 196 204 158 31 7 1
0.5000 13000 197 203 159 31 7 1
0.5000 13100 197 203 159 31 7 1
0.5000 13200 197 203 159 31 7 1
0.5000 13300 198 202 160 31 7 1
0.5000 13400 200 200 162 31 7 1
0.5000 13500 200 200 162 31 7 1
0.5000 13600 200 200 162 31 7 1
0.5000 13700 201 199 163 31 7 1
0.5000 13800 201 199 163 31 7 1
0.5000 13900 201 199 163 31 7 1
0.5000 14000 201 199 163 31 7 1
0.5000 14100 201 199 163 31 7 1
0.5000 14200 201 199 163 31 7 1
0.5000 14300 201 199 162 32 7 1
0.5000 14400 201 199 162 32 7 1
0.5000 14500 201 199 162 32 7 1
0.5000 14600 201 199 161 33 7 1
0.5000 14700 201 199 161 33 7 1
0.5000 14800 201 199 161 33 7 2
0.5000 14900 201 199 161 33 7 2
0.5000 15000 202 198 162 33 7 2
0.5000 15100 202 198 162 33 7 2
0.5000 15200 202 198 162 33 7 2
0.5000 15300 202 198 162 33 7 2
0.5000 15400 202 198 162 33 7 2
0.5000 15500 203 197 163 33 7 2
0.5000 15600 203 197 163 33 7 2
0.5000 15700 203 197 163 33 7 2
0.5000 15800 203 197 163 33 7 2
0.5000 15900 203 197 163 33 7 2
0.5000 16000 203 197 163 33 7 2
0.5000 16100 203 197 163 33 7 2
0.5000 16200 203 197 163 33 7 2
0.5000 16300 203 197 163 33 7 2
0.5000 16400 203 197 163 33 7 2
0.5000 16500 203 197 163 33 7 2
0.5000 16600 203 197 163 33 7 2
0.5000 16700 204 196 164 33 7 2
0.5000 16800 204 196 164 33 7 2
0.5000 16900 204 196 164 33 7 2
0.5000 17000 204 196 164 33 7 2
0.5000 17100 204 196 164 33 7 2
0.5000 17200 204 196 164 33 7 2
0.5000 17300 204 196 164 33 7 2
0.5000 17400 204 196 164 33 7 2
0.5000 17500 204 196 164 33 7 2
0.5000 17600 204 196 164 33 7 2
0.5000 17700 204 196 164 33 7 2
0.5000 17800 206 194 166 33 7 2
0.5000 17900 206 194 165 34 7 2
0.5000 18000 206 194 165 34 7 2
0.5000 18100 206 194 165 34 7 2
0.5000 18200 206 194 165 34 7 2
0.5000 18300 206 194 165 34 7 2
0.5000 18400 206 194 165 34 7 2
0.5000 18500 206 194 165 34 7 2
0.5000 18600 206 194 165 34 7 2
0.5000 18700 206 194 165 34 7 2
0.5000 18800 206 194 165 34 7 2
0.5000 18900 206 194 165 34 7 2
0.5000 19000 206 194 165 34 7 2
0.5000 19100 206 194 165 34 7 2
0.5000 19200 206 194 165 34 7 2
0.5000 19300 206 194 165 34 7 2
0.5000 19400 206 194 165 34 7 2
0.5000 19500 206 194 165 34 7 2
0.5000 19600 206 194 165 34 7 2
0.5000 19700 206 194 165 34 7 2
0.5000 19800 206 194 165 34 7 2
0.5000 19900 206 194 165 34 7 2
0.5000 20000 206 194 165 34 7 2
0.5000 0 1 399 0 1 0 0
0.5000 100 4 396 2 2 0 0
0.5000 200 8 392 6 2 0 0
0.5000 300 12 388 10 2 0 0
0.5000 400 16 384 14 2 0 0
0.5000 500 19 381 17 2 0 0
0.5000 600 24 376 22 2 0 0
0.5000 700 28 372 26 2 0 0
0.5000 800 34 366 29 5 0 0
0.5000 900 39 361 30 9 0 0
0.5000 1000 44 356 35 9 0 0
0.5000 1100 48 352 36 12 0 0
0.5000 1200 52 348 38 14 0 0
0.5000 1300 54 346 40 14 0 0
0.5000 1400 58 342 43 15 0 0
0.5000 1500 60 340 45 15 0 0
0.5000 1600 63 337 48 15 0 0
0.5000 1700 67 333 49 18 0 0
0.5000 1800 70 330 50 20 0 0
0.5000 1900 74 326 54 20 0 0
0.5000 2000 77 323 57 20 0 0
0.5000 2100 81 319 61 20 0 0
0.5000 2200 86 314 65 20 1 0
0.5000 2300 89 311 68 20 1 0
0.5000 2400 91 309 70 20 1 0
0.5000 2500 94 306 73 20 1 0
0.5000 2600 96 304 74 21 1 0
0.5000 2700 96 304 74 21 1 0
0.5000 2800 99 301 77 21 1 1
0.5000 2900 100 300 78 21 1 1
0.5000 3000 102 298 80 21 1 1
0.5000 3100 103 297 81 21 1 1
0.5000 3200 104 296 82 21 1 1
0.5000 3300 104 296 82 21 1 1
0.5000 3400 107 293 85 21 1 1
0.5000 3500 113 287 91 21 1 1
0.5000 3600 116 284 91 24 1 1
0.5000 3700 121 279 91 29 1 1
0.5000 3800 125 275 94 30 1 1
0.5000 3900 128 272 97 30 1 1
0.5000 4000 129 271 98 30 1 1
0.5000 4100 129 271 98 30 1 1
0.5000 4200 130 270 99 30 1 1
0.5000 4300 130 270 99 30 1 1
0.5000 4400 133 267 102 30 1 1
0.5000 4500 136 264 105 30 1 1
0.5000 4600 138 262 107 30 1 1
0.5000 4700 140 260 109 30 1 1
0.5000 4800 142 258 111 30 1 1
0.5000 4900 144 256 113 30 1 1
0.5000 5000 149 251 118 30 1 1
0.5000 5100 153 247 122 30 1 1
0.5000 5200 154 246 123 30 1 1
0.5000 5300 155 245 124 30 1 1
0.5000 5400 157 243 126 30 1 1
0.5000 5500 159 241 128 30 1 1
0.5000 5600 161 239 129 31 1 1
0.5000 5700 162 238 129 32 1 1
0.5000 5800 164 236 129 34 1 1
0.5000 5900 165 235 130 34 1 1
0.5000 6000 166 234 131 34 1 1
0.5000 6100 167 233 132 34 1 1
0.5000 6200 168 232 133 34 1 1
0.5000 6300 169 231 134 34 1 1
0.5000 6400 171 229 136 34 1 1
0.5000 6500 173 227 138 34 1 1
0.5000 6600 175 225 140 34 1 1
0.5000 6700 176 224 140 34 2 1
0.5000 6800 179 221 143 34 2 1
0.5000 6900 181 219 145 34 2 1
0.5000 7000 183 217 147 34 2 1
0.5000 7100 186 214 150 34 2 1
0.5000 7200 187 213 151 34 2 1
0.5000 7300 187 213 151 34 2 1
0.5000 7400 188 212 152 34 2 1
0.5000 7500 188 212 152 34 2 1
0.5000 7600 188 212 152 34 2 1
0.5000 7700 192 208 152 38 2 1
0.5000 7800 193 207 153 38 2 1
0.5000 7900 193 207 153 38 2 1
0.5000 8000 195 205 153 40 2 1
0.5000 8100 195 205 153 40 2 1
0.5000 8200 195 205 153 40 2 1
0.5000 8300 197 203 155 40 2 1
0.5000 8400 197 203 155 40 2 1
0.5000 8500 197 203 155 40 2 1
0.5000 8600 198 202 156 40 2 1
0.5000 8700 199 201 157 40 2 1
0.5000 8800 199 201 157 40 2 1
0.5000 8900 199 201 157 40 2 1
0.5000 9000 199 201 157 40 2 1
0.5000 9100 202 198 160 40 2 1
0.5000 9200 203 197 161 40 2 1
0.5000 9300 205 195 163 40 2 1
0.5000 9400 207 193 165 40 2 1
0.5000 9500 208 192 166 40 2 1
0.5000 9600 209 191 167 40 2 1
0.5000 9700 209 191 167 40 2 1
0.5000 9800 211 189 169 40 2 1
0.5000 9900 214 186 172 40 2 1
0.5000 10000 214 186 172 40 2 1
0.5000 10100 214 186 172 40 2 1
0.5000 10200 214 186 172 40 2 1
0.5000 10300 214 186 171 41 2 1
0.5000 10400 216 184 171 43 2 1
0.5000 10500 216 184 171 43 2 1
0.5000 10600 216 184 171 43 2 1
0.5000 10700 216 184 171 43 2 1
0.5000 10800 217 183 172 43 2 1
0.5000 10900 221 179 176 43 2 1
0.5000 11000 221 179 176 43 2 1
0.5000 11100 221 179 176 43 2 1
0.5000 11200 221 179 176 43 2 1
0.5000 11300 221 179 176 43 2 1
0.5000 11400 221 179 176 43 2 1
0.5000 11500 221 179 176 43 2 1
0.5000 11600 221 179 176 43 2 1
0.5000 11700 222 178 177 43 2 1
0.5000 11800 222 178 177 43 2 1
0.5000 11900 222 178 177 43 2 1
0.5000 12000 222 178 177 43 2 1
0.5000 12100 222 178 177 43 2 1
0.5000 12200 222 178 177 43 2 1
0.5000 12300 222 178 177 43 2 1
0.5000 12400 222 178 177 43 2 1
0.5000 12500 224 176 179 43 2 1
0.5000 12600 225 175 180 43 2 1
0.5000 12700 225 175 180 43 2 1
0.5000 12800 225 175 180 43 2 1
0.5000 12900 225 175 179 44 2 1
0.5000 13000 225 175 179 44 2 1
0.5000 13100 225 175 178 45 2 1
0.5000 13200 225 175 178 45 2 1
0.5000 13300 225 175 178 45 2 1
0.5000 13400 225 175 178 45 2 1
0.5000 13500 225 175 178 45 2 1
0.5000 13600 225 175 178 45 2 1
0.5000 13700 225 175 178 45 2 1
0.5000 13800 225 175 178 45 2 1
0.5000 13900 225 175 178 45 2 1
0.5000 14000 225 175 178 45 2 1
0.5000 14100 225 175 178 45 2 1
0.5000 14200 225 175 178 45 2 1
0.5000 14300 227 173 180 45 2 1
0.5000 14400 227 173 180 45 2 1
0.5000 14500 227 173 180 45 2 1
0.5000 14600 227 173 180 45 2 1
0.5000 14700 227 173 180 45 2 1
0.5000 14800 227 173 180 45 2 1
0.5000 14900 228 172 180 46 2 1
0.5000 15000 228 172 180 46 2 1
0.5000 15100 228 172 180 46 2 1
0.5000 15200 228 172 180 46 2 1
0.5000 15300 228 172 180 46 2 1
0.5000 15400 228 172 180 46 2 1
0.5000 15500 228 172 180 46 2 1
0.5000 15600 229 171 181 46 2 1
0.5000 15700 229 171 181 46 2 1
0.5000 15800 230 170 182 46 2 1
0.5000 15900 230 170 182 46 2 1
0.5000 16000 231 169 183 46 2 1
0.5000 16100 231 169 182 47 2 1
0.5000 16200 231 169 182 47 2 1
0.5000 16300 231 169 182 47 2 1
0.5000 16400 231 169 182 47 2 1
0.5000 16500 231 169 182 47 2 1
0.5000 16600 232 168 183 47 2 1
0.5000 16700 232 168 183 47 2 1
0.5000 16800 232 168 183 47 2 1
0.5000 16900 232 168 183 47 2 1
0.5000 17000 232 168 183 47 2 1
0.5000 17100 232 168 183 47 2 1
0.5000 17200 232 168 183 47 2 1
0.5000 17300 232 168 183 47 2 1
0.5000 17400 232 168 183 47 2 1
0.5000 17500 232 168 183 47 2 1
0.5000 17600 232 168 183 47 2 1
0.5000 17700 232 168 183 47 2 1
0.5000 17800 232 168 183 47 2 1
0.5000 17900 232 168 183 47 2 1
0.5000 18000 232 168 183 47 2 1
0.5000 18100 232 168 183 47 2 1
0.5000 18200 232 168 183 47 2 1
0.5000 18300 232 168 183 47 2 1
0.5000 18400 232 168 183 47 2 1
0.5000 18500 232 168 183 47 2 1
0.5000 18600 232 168 183 47 2 1
0.5000 18700 233 167 184 47 2 1
0.5000 18800 233 167 184 47 2 1
0.5000 18900 233 167 184 47 2 1
0.5000 19000 233 167 183 48 2 1
0.5000 19100 233 167 182 49 2 1
0.5000 19200 235 165 184 49 2 1
0.5000 19300 235 165 184 49 2 1
0.5000 19400 235 165 184 49 2 1
0.5000 19500 236 164 185 49 2 1
0.5000 19600 238 162 186 50 2 1
0.5000 19700 238 162 186 50 2 1
0.5000 19800 238 162 185 51 2 1
0.5000 19900 239 161 186 51 2 1
0.5000 20000 239 161 186 51 2 1
0.7500 0 1 399 0 1 0 0
0.7500 100 4 396 2 2 0 0
0.7500 200 7 393 5 2 0 0
0.7500 300 12 388 10 2 0 0
0.7500 400 14 386 12 2 0 0
0.7500 500 14 386 12 2 0 0
0.7500 600 18 382 16 2 0 0
0.7500 700 19 381 16 3 0 0
0.7500 800 21 379 16 5 0 0
0.7500 900 26 374 20 6 0 0
0.7500 1000 30 370 24 6 0 0
0.7500 1100 35 365 29 6 0 0
0.7500 1200 37 363 31 6 0 0
0.7500 1300 39 361 33 6 0 0
0.7500 1400 43 357 37 6 0 0
0.7500 1500 48 352 42 6 0 0
0.7500 1600 51 349 41 10 0 0
0.7500 1700 55 345 41 14 0 0
0.7500 1800 57 343 41 16 0 0
0.7500 1900 59 341 43 16 0 0
0.7500 2000 60 340 44 16 0 0
0.7500 2100 62 338 46 16 0 0
0.7500 2200 64 336 48 16 0 0
0.7500 2300 68 332 52 16 0 0
0.7500 2400 70 330 54 16 0 0
0.7500 2500 73 327 56 17 0 0
0.7500 2600 78 322 58 20 0 0
0.7500 2700 82 318 62 20 0 0
0.7500 2800 85 315 65 20 0 0
0.7500 2900 89 311 68 20 1 0
0.7500 3000 93 307 72 20 1 0
0.7500 3100 93 307 72 20 1 0
0.7500 3200 93 307 72 20 1 0
0.7500 3300 94 306 72 21 1 0
0.7500 3400 95 305 72 22 1 0
0.7500 3500 96 304 73 22 1 1
0.7500 3600 100 300 77 22 1 1
0.7500 3700 103 297 80 22 1 1
0.7500 3800 107 293 84 22 1 1
0.7500 3900 108 292 85 22 1 1
0.7500 4000 111 289 88 22 1 1
0.7500 4100 113 287 90 22 1 1
0.7500 4200 113 287 90 22 1 1
0.7500 4300 113 287 89 23 1 1
0.7500 4400 113 287 89 23 1 1
0.7500 4500 113 287 89 23 1 1
0.7500 4600 113 287 89 23 1 1
0.7500 4700 113 287 89 23 1 1
0.7500 4800 114 286 90 23 1 1
0.7500 4900 114 286 90 23 1 1
0.7500 5000 114 286 90 23 1 1
0.7500 5100 114 286 90 23 1 1
0.7500 5200 114 286 90 23 1 1
0.7500 5300 114 286 90 23 1 1
0.7500 5400 117 283 91 25 1 1
0.7500 5500 117 283 91 25 1 1
0.7500 5600 118 282 91 26 1 1
0.7500 5700 119 281 91 27 1 1
0.7500 5800 119 281 91 27 1 1
0.7500 5900 120 280 91 28 1 1
0.7500 6000 120 280 91 28 1 1
0.7500 6100 120 280 91 28 1 1
0.7500 6200 120 280 91 28 1 1
0.7500 6300 121 279 91 29 1 1
0.7500 6400 121 279 91 29 1 1
0.7500 6500 122 278 92 29 1 1
0.7500 6600 125 275 95 29 1 1
0.7500 6700 125 275 95 29 1 1
0.7500 6800 125 275 95 29 1 1
0.7500 6900 125 275 95 29 1 1
0.7500 7000 125 275 95 29 1 1
0.7500 7100 125 275 94 30 1 1
0.7500 7200 126 274 94 31 1 1
0.7500 7300 127 273 95 31 1 2
0.7500 7400 128 272 96 31 1 2
0.7500 7500 131 269 99 31 1 2
0.7500 7600 133 267 101 31 1 2
0.7500 7700 134 266 102 31 1 2
0.7500 7800 136 264 104 31 1 2
0.7500 7900 138 262 106 31 1 2
0.7500 8000 141 259 109 31 1 2
0.7500 8100 141 259 109 31 1 2
0.7500 8200 142 258 110 31 1 2
0.7500 8300 145 255 110 34 1 2
0.7500 8400 145 255 110 34 1 2
0.7500 8500 145 255 110 34 1 2
0.7500 8600 145 255 110 34 1 2
0.7500 8700 145 255 110 34 1 2
0.7500 8800 145 255 110 34 1 2
0.7500 8900 145 255 110 34 1 2
0.7500 9000 145 255 110 34 1 2
0.7500 9100 145 255 110 34 1 2
0.7500 9200 145 255 110 34 1 2
0.7500 9300 145 255 110 34 1 2
0.7500 9400 145 255 110 34 1 2
0.7500 9500 145 255 110 34 1 2
0.7500 9600 146 254 111 34 1 2
0.7500 9700 146 254 111 34 1 2
0.7500 9800 146 254 111 34 1 2
0.7500 9900 147 253 112 34 1 2
0.7500 10000 147 253 112 34 1 2
0.7500 10100 147 253 112 34 1 2
0.7500 10200 147 253 112 34 1 2
0.7500 10300 147 253 112 34 1 2
0.7500 10400 148 252 113 34 1 2
0.7500 10500 148 252 113 34 1 2
0.7500 10600 148 252 113 34 1 2
0.7500 10700 148 252 113 34 1 2
0.7500 10800 148 252 113 34 1 2
0.7500 10900 148 252 113 34 1 2
0.7500 11000 148 252 113 34 1 2
0.7500 11100 148 252 113 34 1 2
0.7500 11200 149 251 114 34 1 2
0.7500 11300 150 250 115 34 1 2
0.7500 11400 150 250 115 34 1 2
0.7500 11500 150 250 115 34 1 2
0.7500 11600 150 250 115 34 1 2
0.7500 11700 151 249 116 34 1 2
0.7500 11800 152 248 117 34 1 2
0.7500 11900 154 246 119 34 1 2
0.7500 12000 158 242 123 34 1 2
0.7500 12100 159 241 124 34 1 2
0.7500 12200 160 240 125 34 1 2
0.7500 12300 164 236 129 34 1 2
0.7500 12400 169 231 134 34 1 2
0.7500 12500 170 230 135 34 1 2
0.7500 12600 170 230 135 34 1 2
0.7500 12700 171 229 136 34 1 2
0.7500 12800 171 229 136 34 1 2
0.7500 12900 171 229 136 34 1 2
0.7500 13000 171 229 136 34 1 2
0.7500 13100 173 227 138 34 1 2
0.7500 13200 176 224 141 34 1 2
0.7500 13300 179 221 144 34 1 2
0.7500 13400 181 219 146 34 1 2
0.7500 13500 181 219 146 34 1 2
0.7500 13600 181 219 146 34 1 2
0.7500 13700 182 218 146 35 1 2
0.7500 13800 182 218 146 35 1 2
0.7500 13900 182 218 146 35 1 2
0.7500 14000 183 217 146 36 1 2
0.7500 14100 183 217 146 36 1 2
0.7500 14200 183 217 146 36 1 2
0.7500 14300 183 217 146 36 1 2
0.7500 14400 183 217 146 36 1 2
0.7500 14500 183 217 146 36 1 2
0.7500 14600 183 217 146 36 1 2
0.7500 14700 183 217 146 36 1 2
0.7500 14800 184 216 147 36 1 2
0.7500 14900 184 216 147 36 1 2
0.7500 15000 184 216 147 36 1 2
0.7500 15100 184 216 147 36 1 2
0.7500 15200 185 215 148 36 1 2
0.7500 15300 185 215 148 36 1 2
0.7500 15400 185 215 148 36 1 2
0.7500 15500 185 215 148 36 1 2
0.7500 15600 185 215 148 36 1 2
0.7500 15700 185 215 148 36 1 2
0.7500 15800 185 215 148 36 1 2
0.7500 15900 185 215 148 36 1 2
0.7500 16000 185 215 148 36 1 2
0.7500 16100 185 215 148 36 1 2
0.7500 16200 185 215 148 36 1 2
0.7500 16300 185 215 148 36 1 2
0.7500 16400 185 215 148 36 1 2
0.7500 16500 185 215 148 36 1 2
0.7500 16600 185 215 148 36 1 2
0.7500 16700 185 215 148 36 1 2
0.7500 16800 185 215 148 36 1 2
0.7500 16900 186 214 149 36 1 2
0.7500 17000 186 214 149 36 1 2
0.7500 17100 186 214 149 36 1 2
0.7500 17200 186 214 149 36 1 2
0.7500 17300 187 213 150 36 1 2
0.7500 17400 187 213 150 36 1 2
0.7500 17500 187 213 150 36 1 2
0.7500 17600 187 213 150 36 1 2
0.7500 17700 187 213 150 36 1 2
0.7500 17800 189 211 152 36 1 2
0.7500 17900 192 208 155 36 1 2
0.7500 18000 194 206 157 36 1 2
0.7500 18100 195 205 158 36 1 2
0.7500 18200 195 205 158 36 1 2
0.7500 18300 196 204 159 36 1 2
0.7500 18400 196 204 159 36 1 2
0.7500 18500 196 204 159 36 1 2
0.7500 18600 196 204 159 36 1 2
0.7500 18700 196 204 159 36 1 2
0.7500 18800 196 204 159 36 1 2
0.7500 18900 196 204 159 36 1 2
0.7500 19000 196 204 159 36 1 2
0.7500 19100 196 204 159 36 1 2
0.7500 19200 196 204 159 36 1 2
0.7500 19300 196 204 159 36 1 2
0.7500 19400 196 204 159 36 1 2
0.7500 19500 196 204 159 36 1 2
0.7500 19600 196 204 159 36 1 2
0.7500 19700 196 204 159 36 1 2
0.7500 19800 196 204 159 36 1 2
0.7500 19900 196 204 159 36 1 2
0.7500 20000 196 204 159 36 1 2
0.7500 0 1 399 0 1 0 0
0.7500 100 4 396 2 2 0 0
0.7500 200 9 391 7 2 0 0
0.7500 300 13 387 11 2 0 0
0.7500 400 16 384 14 2 0 0
0.7500 500 18 382 13 5 0 0
0.7500 600 22 378 17 5 0 0
0.7500 700 26 374 21 5 0 0
0.7500 800 30 370 25 5 0 0
0.7500 900 32 368 27 5 0 0
0.7500 1000 37 363 32 5 0 0
0.7500 1100 41 359 36 5 0 0
0.7500 1200 44 356 39 5 0 0
0.7500 1300 48 352 43 5 0 0
0.7500 1400 48 352 43 5 0 0
0.7500 1500 48 352 43 5 0 0
0.7500 1600 51 349 46 5 0 0
0.7500 1700 56 344 51 5 0 0
0.7500 1800 58 342 53 5 0 0
0.7500 1900 60 340 55 5 0 0
0.7500 2000 60 340 55 5 0 0
0.7500 2100 62 338 57 5 0 0
0.7500 2200 62 338 57 5 0 0
0.7500 2300 63 337 58 5 0 0
0.7500 2400 63 337 57 6 0 0
0.7500 2500 66 334 57 9 0 0
0.7500 2600 68 332 59 9 0 0
0.7500 2700 69 331 60 9 0 0
0.7500 2800 69 331 60 9 0 0
0.7500 2900 69 331 60 9 0 0
0.7500 3000 71 329 62 9 0 0
0.7500 3100 71 329 62 9 0 0
0.7500 3200 72 328 63 9 0 0
0.7500 3300 75 325 66 9 0 0
0.7500 3400 76 324 67 9 0 0
0.7500 3500 79 321 70 9 0 0
0.7500 3600 81 319 72 9 0 0
0.7500 3700 83 317 74 9 0 0
0.7500 3800 84 316 75 9 0 0
0.7500 3900 85 315 76 9 0 0
0.7500 4000 87 313 78 9 0 0
0.7500 4100 87 313 78 9 0 0
0.7500 4200 88 312 79 9 0 0
0.7500 4300 89 311 79 10 0 0
0.7500 4400 89 311 79 10 0 0
0.7500 4500 90 310 80 10 0 0
0.7500 4600 90 310 80 10 0 0
0.7500 4700 90 310 80 10 0 0
0.7500 4800 90 310 80 10 0 0
0.7500 4900 90 310 80 10 0 0
0.7500 5000 90 310 80 10 0 0
0.7500 5100 90 310 80 10 0 0
0.7500 5200 90 310 80 10 0 0
0.7500 5300 90 310 80 10 0 0
0.7500 5400 91 309 80 11 0 0
0.7500 5500 95 305 80 15 0 0
0.7500 5600 99 301 80 19 0 0
0.7500 5700 104 296 84 20 0 0
0.7500 5800 107 293 87 20 0 0
0.7500 5900 109 291 87 22 0 0
0.7500 6000 109 291 87 22 0 0
0.7500 6100 109 291 87 22 0 0
0.7500 6200 109 291 87 22 0 0
0.7500 6300 110 290 88 22 0 0
0.7500 6400 110 290 88 22 0 0
0.7500 6500 110 290 87 23 0 0
0.7500 6600 110 290 87 23 0 0
0.7500 6700 111 289 88 23 0 0
0.7500 6800 111 289 88 23 0 0
0.7500 6900 111 289 88 23 0 0
0.7500 7000 111 289 88 23 0 0
0.7500 7100 111 289 88 23 0 0
0.7500 7200 112 288 89 23 0 0
0.7500 7300 112 288 89 23 0 0
0.7500 7400 112 288 89 23 0 0
0.7500 7500 112 288 89 23 0 0
0.7500 7600 112 288 89 23 0 0
0.7500 7700 112 288 89 23 0 0
0.7500 7800 112 288 89 23 0 0
0.7500 7900 112 288 89 23 0 0
0.7500 8000 112 288 89 23 0 0
0.7500 8100 112 288 89 23 0 0
0.7500 8200 112 288 89 23 0 0
0.7500 8300 112 288 89 23 0 0
0.7500 8400 112 288 89 23 0 0
0.7500 8500 113 287 90 23 0 0
0.7500 8600 114 286 91 23 0 0
0.7500 8700 114 286 91 23 0 0
0.7500 8800 114 286 91 23 0 0
0.7500 8900 114 286 91 23 0 0
0.7500 9000 114 286 91 23 0 0
0.7500 9100 114 286 91 23 0 0
0.7500 9200 114 286 91 23 0 0
0.7500 9300 114 286 91 23 0 0
0.7500 9400 114 286 91 23 0 0
0.7500 9500 114 286 91 23 0 0
0.7500 9600 114 286 91 23 0 0
0.7500 9700 114 286 91 23 0 0
0.7500 9800 114 286 91 23 0 0
0.7500 9900 114 286 91 23 0 0
0.7500 10000 114 286 91 23 0 0
0.7500 10100 114 286 91 23 0 0
0.7500 10200 114 286 91 23 0 0
0.7500 10300 114 286 91 23 0 0
0.7500 10400 114 286 91 23 0 0
0.7500 10500 114 286 91 23 0 0
0.7500 10600 114 286 91 23 0 0
0.7500 10700 114 286 91 23 0 0
0.7500 10800 114 286 91 23 0 0
0.7500 10900 114 286 91 23 0 0
0.7500 11000 114 286 91 23 0 0
0.7500 11100 114 286 91 23 0 0
0.7500 11200 114 286 91 23 0 0
0.7500 11300 118 282 93 25 0 0
0.7500 11400 123 277 97 26 0 0
0.7500 11500 127 273 98 29 0 0
0.7500 11600 131 269 99 32 0 0
0.7500 11700 134 266 102 32 0 0
0.7500 11800 139 261 107 32 0 0
0.7500 11900 142 258 110 32 0 0
0.7500 12000 144 256 112 32 0 0
0.7500 12100 148 252 116 32 0 0
0.7500 12200 148 252 116 32 0 0
0.7500 12300 148 252 116 32 0 0
0.7500 12400 148 252 116 32 0 0
0.7500 12500 148 252 116 32 0 0
0.7500 12600 148 252 116 32 0 0
0.7500 12700 148 252 116 32 0 0
0.7500 12800 148 252 116 32 0 0
0.7500 12900 148 252 116 32 0 0
0.7500 13000 148 252 116 32 0 0
0.7500 13100 148 252 116 32 0 0
0.7500 13200 149 251 117 32 0 0
0.7500 13300 154 246 118 36 0 0
0.7500 13400 154 246 118 36 0 0
0.7500 13500 155 245 119 36 0 0
0.7500 13600 155 245 118 37 0 0
0.7500 13700 155 245 118 37 0 0
0.7500 13800 156 244 119 37 0 0
0.7500 13900 157 243 120 37 0 0
0.7500 14000 157 243 120 37 0 0
0.7500 14100 158 242 120 38 0 0
0.7500 14200 158 242 120 38 0 0
0.7500 14300 158 242 120 38 0 0
0.7500 14400 158 242 120 38 0 0
0.7500 14500 158 242 120 38 0 0
0.7500 14600 158 242 120 38 0 0
0.7500 14700 159 241 121 38 0 0
0.7500 14800 159 241 121 38 0 0
0.7500 14900 160 240 122 38 0 0
0.7500 15000 160 240 122 38 0 0
0.7500 15100 160 240 122 38 0 0
0.7500 15200 161 239 123 38 0 0
0.7500 15300 161 239 123 38 0 0
0.7500 15400 164 236 126 38 0 0
0.7500 15500 165 235 127 38 0 0
0.7500 15600 165 235 127 38 0 0
0.7500 15700 168 232 130 38 0 0
0.7500 15800 169 231 130 39 0 0
0.7500 15900 170 230 131 39 0 0
0.7500 16000 170 230 131 39 0 0
0.7500 16100 170 230 131 39 0 0
0.7500 16200 170 230 131 39 0 0
0.7500 16300 170 230 131 39 0 0
0.7500 16400 170 230 131 39 0 0
0.7500 16500 170 230 131 39 0 0
0.7500 16600 170 230 131 39 0 0
0.7500 16700 170 230 131 39 0 0
0.7500 16800 170 230 131 39 0 0
0.7500 16900 170 230 131 39 0 0
0.7500 17000 172 228 133 39 0 0
0.7500 17100 172 228 133 39 0 0
0.7500 17200 172 228 133 39 0 0
0.7500 17300 172 228 133 39 0 0
0.7500 17400 172 228 133 39 0 0
0.7500 17500 172 228 133 39 0 0
0.7500 17600 172 228 133 39 0 0
0.7500 17700 173 227 134 39 0 0
0.7500 17800 173 227 134 39 0 0
0.7500 17900 173 227 134 39 0 0
0.7500 18000 173 227 134 39 0 0
0.7500 18100 173 227 134 39 0 0
0.7500 18200 173 227 134 39 0 0
0.7500 18300 175 225 136 39 0 0
0.7500 18400 177 223 138 39 0 0
0.7500 18500 179 221 138 41 0 0
0.7500 18600 179 221 138 41 0 0
0.7500 18700 179 221 138 41 0 0
0.7500 18800 181 219 140 41 0 0
0.7500 18900 182 218 141 41 0 0
0.7500 19000 183 217 142 41 0 0
0.7500 19100 183 217 142 41 0 0
0.7500 19200 184 216 143 41 0 0
0.7500 19300 184 216 143 41 0 0
0.7500 19400 184 216 143 41 0 0
0.7500 19500 184 216 142 42 0 0
0.7500 19600 184 216 142 42 0 0
0.7500 19700 184 216 142 42 0 0
0.7500 19800 184 216 142 42 0 0
0.7500 19900 184 216 142 42 0 0
0.7500 20000 184 216 142 42 0 0
0.7500 0 1 399 0 1 0 0
0.7500 100 6 394 4 2 0 0
0.7500 200 9 391 7 2 0 0
0.7500 300 13 387 11 2 0 0
0.7500 400 18 382 16 2 0 0
0.7500 500 22 378 20 2 0 0
0.7500 600 26 374 24 2 0 0
0.7500 700 29 371 27 2 0 0
0.7500 800 33 367 31 2 0 0
0.7500 900 36 364 34 2 0 0
0.7500 1000 40 360 34 6 0 0
0.7500 1100 43 357 34 9 0 0
0.7500 1200 46 354 35 11 0 0
0.7500 1300 49 351 38 11 0 0
0.7500 1400 51 349 40 11 0 0
0.7500 1500 55 345 41 14 0 0
0.7500 1600 59 341 45 14 0 0
0.7500 1700 63 337 45 18 0 0
0.7500 1800 65 335 44 21 0 0
0.7500 1900 67 333 46 21 0 0
0.7500 2000 69 331 48 21 0 0
0.7500 2100 70 330 49 21 0 0
0.7500 2200 72 328 51 21 0 0
0.7500 2300 75 325 54 21 0 0
0.7500 2400 76 324 55 21 0 0
0.7500 2500 77 323 56 21 0 0
0.7500 2600 78 322 57 21 0 0
0.7500 2700 79 321 58 21 0 0
0.7500 2800 79 321 58 21 0 0
0.7500 2900 79 321 58 21 0 0
0.7500 3000 79 321 58 21 0 0
0.7500 3100 79 321 58 21 0 0
0.7500 3200 84 316 63 21 0 0
0.7500 3300 87 313 66 21 0 0
0.7500 3400 88 312 67 21 0 0
0.7500 3500 89 311 66 23 0 0
0.7500 3600 93 307 68 25 0 0
0.7500 3700 97 303 72 25 0 0
0.7500 3800 101 299 76 25 0 0
0.7500 3900 103 297 78 25 0 0
0.7500 4000 106 294 81 25 0 0
0.7500 4100 111 289 86 25 0 0
0.7500 4200 115 285 90 25 0 0
0.7500 4300 117 283 92 25 0 0
0.7500 4400 118 282 93 25 0 0
0.7500 4500 122 278 93 29 0 0
0.7500 4600 125 275 96 29 0 0
0.7500 4700 128 272 99 29 0 0
0.7500 4800 129 271 100 29 0 0
0.7500 4900 132 268 103 29 0 0
0.7500 5000 135 265 106 29 0 0
0.7500 5100 136 264 107 29 0 0
0.7500 5200 137 263 107 30 0 0
0.7500 5300 138 262 108 30 0 0
0.7500 5400 138 262 108 30 0 0
0.7500 5500 139 261 109 30 0 0
0.7500 5600 139 261 109 30 0 0
0.7500 5700 139 261 109 30 0 0
0.7500 5800 140 260 110 30 0 0
0.7500 5900 142 258 112 30 0 0
0.7500 6000 142 258 112 30 0 0
0.7500 6100 142 258 112 30 0 0
0.7500 6200 142 258 112 30 0 0
0.7500 6300 142 258 111 31 0 0
0.7500 6400 143 257 111 32 0 0
0.7500 6500 144 256 111 33 0 0
0.7500 6600 145 255 111 34 0 0
0.7500 6700 147 253 113 34 0 0
0.7500 6800 149 251 115 34 0 0
0.7500 6900 152 248 118 34 0 0
0.7500 7000 155 245 121 34 0 0
0.7500 7100 158 242 124 34 0 0
0.7500 7200 158 242 124 34 0 0
0.7500 7300 160 240 126 34 0 0
0.7500 7400 160 240 126 34 0 0
0.7500 7500 160 240 126 34 0 0
0.7500 7600 160 240 126 34 0 0
0.7500 7700 160 240 126 34 0 0
0.7500 7800 161 239 127 34 0 0
0.7500 7900 161 239 127 34 0 0
0.7500 8000 161 239 127 34 0 0
0.7500 8100 161 239 127 34 0 0
0.7500 8200 161 239 127 34 0 0
0.7500 8300 161 239 127 34 0 0
0.7500 8400 161 239 127 34 0 0
0.7500 8500 161 239 127 34 0 0
0.7500 8600 161 239 127 34 0 0
0.7500 8700 161 239 127 34 0 0
0.7500 8800 163 237 128 35 0 0
0.7500 8900 163 237 128 35 0 0
0.7500 9000 164 236 129 35 0 0
0.7500 9100 164 236 129 35 0 0
0.7500 9200 164 236 129 35 0 0
0.7500 9300 164 236 129 35 0 0
0.7500 9400 164 236 129 35 0 0
0.7500 9500 164 236 129 35 0 0
0.7500 9600 166 234 131 35 0 0
0.7500 9700 168 232 133 35 0 0
0.7500 9800 172 228 137 35 0 0
0.7500 9900 174 226 139 35 0 0
0.7500 10000 174 226 139 35 0 0
0.7500 10100 174 226 139 35 0 0
0.7500 10200 174 226 139 35 0 0
0.7500 10300 174 226 139 35 0 0
0.7500 10400 175 225 140 35 0 0
0.7500 10500 175 225 140 35 0 0
0.7500 10600 175 225 140 35 0 0
0.7500 10700 175 225 140 35 0 0
0.7500 10800 175 225 140 35 0 0
0.7500 10900 175 225 140 35 0 0
0.7500 11000 177 223 142 35 0 0
0.7500 11100 177 223 142 35 0 0
0.7500 11200 177 223 142 35 0 0
0.7500 11300 177 223 142 35 0 0
0.7500 11400 177 223 142 35 0 0
0.7500 11500 177 223 142 35 0 0
0.7500 11600 177 223 142 35 0 0
0.7500 11700 177 223 142 35 0 0
0.7500 11800 177 223 142 35 0 0
0.7500 11900 177 223 142 35 0 0
0.7500 12000 177 223 142 35 0 0
0.7500 12100 178 222 143 35 0 0
0.7500 12200 178 222 143 35 0 0
0.7500 12300 178 222 143 35 0 0
0.7500 12400 178 222 143 35 0 0
0.7500 12500 178 222 143 35 0 0
0.7500 12600 178 222 143 35 0 0
0.7500 12700 178 222 143 35 0 0
0.7500 12800 178 222 143 35 0 0
0.7500 12900 178 222 143 35 0 0
0.7500 13000 178 222 143 35 0 0
0.7500 13100 178 222 143 35 0 0
0.7500 13200 179 221 144 35 0 0
0.7500 13300 183 217 148 35 0 0
0.7500 13400 183 217 148 35 0 0
0.7500 13500 183 217 148 35 0 0
0.7500 13600 183 217 148 35 0 0
0.7500 13700 183 217 148 35 0 0
0.7500 13800 183 217 148 35 0 0
0.7500 13900 183 217 148 35 0 0
0.7500 14000 183 217 148 35 0 0
0.7500 14100 185 215 148 37 0 0
0.7500 14200 186 214 149 37 0 0
0.7500 14300 186 214 149 37 0 0
0.7500 14400 186 214 149 37 0 0
0.7500 14500 186 214 149 37 0 0
0.7500 14600 186 214 149 37 0 0
0.7500 14700 187 213 150 37 0 0
0.7500 14800 188 212 151 37 0 0
0.7500 14900 189 211 152 37 0 0
0.7500 15000 189 211 152 37 0 0
0.7500 15100 189 211 152 37 0 0
0.7500 15200 189 211 152 37 0 0
0.7500 15300 189 211 152 37 0 0
0.7500 15400 190 210 153 37 0 0
0.7500 15500 190 210 153 37 0 0
0.7500 15600 191 209 154 37 0 0
0.7500 15700 191 209 154 37 0 0
0.7500 15800 191 209 154 37 0 0
0.7500 15900 191 209 154 37 0 0
0.7500 16000 191 209 154 37 0 0
0.7500 16100 191 209 154 37 0 0
0.7500 16200 191 209 154 37 0 0
0.7500 16300 191 209 154 37 0 0
0.7500 16400 191 209 154 37 0 0
0.7500 16500 191 209 154 37 0 0
0.7500 16600 191 209 154 37 0 0
0.7500 16700 191 209 154 37 0 0
0.7500 16800 191 209 154 37 0 0
0.7500 16900 192 208 155 37 0 0
0.7500 17000 192 208 155 37 0 0
0.7500 17100 192 208 155 37 0 0
0.7500 17200 192 208 155 37 0 0
0.7500 17300 192 208 155 37 0 0
0.7500 17400 192 208 155 37 0 0
0.7500 17500 192 208 155 37 0 0
0.7500 17600 192 208 155 37 0 0
0.7500 17700 192 208 155 37 0 0
0.7500 17800 192 208 155 37 0 0
0.7500 17900 192 208 155 37 0 0
0.7500 18000 194 206 157 37 0 0
0.7500 18100 195 205 157 38 0 0
0.7500 18200 195 205 157 38 0 0
0.7500 18300 195 205 157 38 0 0
0.7500 18400 195 205 157 38 0 0
0.7500 18500 195 205 156 39 0 0
0.7500 18600 195 205 156 39 0 0
0.7500 18700 195 205 156 39 0 0
0.7500 18800 195 205 156 39 0 0
0.7500 18900 195 205 156 39 0 0
0.7500 19000 195 205 156 39 0 0
0.7500 19100 195 205 156 39 0 0
0.7500 19200 195 205 156 39 0 0
0.7500 19300 195 205 156 39 0 0
0.7500 19400 195 205 156 39 0 0
0.7500 19500 195 205 156 39 0 0
0.7500 19600 195 205 156 39 0 0
0.7500 19700 195 205 156 39 0 0
0.7500 19800 195 205 156 39 0 0
0.7500 19900 195 205 156 39 0 0
0.7500 20000 195 205 156 39 0 0
