 0.0000 0.0000 0.0000 0.0000
 0.1000 0.0129 0.0000 0.0000
 0.2000 0.0258 0.0000 0.0000
 0.3000 0.0386 0.0000 0.0000
 0.4000 0.0515 0.0000 0.0000
 0.5000 0.0644 0.0000 0.0000
 0.6000 0.0773 0.0000 0.0000
 0.7000 0.0902 0.0000 0.0000
 0.8000 0.1030 0.0000 0.0000
 0.9000 0.1159 0.0000 0.0000
 1.0000 0.1288 0.0000 0.0000
 1.1000 0.1417 0.0000 0.0000
 1.2000 0.1546 0.0000 0.0000
 1.3000 0.1674 0.0000 0.0000
 1.4000 0.1803 0.0000 0.0000
 1.5000 0.1932 0.0000 0.0000
 1.6000 0.2061 0.0000 0.0000
 1.7000 0.2190 0.0000 0.0000
 1.8000 0.2318 0.0000 0.0000
 1.9000 0.2447 0.0000 0.0000
 2.0000 0.2576 0.0000 0.0000
 2.1000 0.2705 0.0000 0.0000
 2.2000 0.2834 0.0000 0.0000
 2.3000 0.2963 0.0000 0.0000
 2.4000 0.3091 0.0000 0.0000
 2.5000 0.3091 0.0000 0.0000
 2.6000 0.3091 0.0000 0.0000
 2.7000 0.3091 0.0000 0.0000
 2.8000 0.3091 0.0000 0.0000
 2.9000 0.3091 0.0000 0.0000
 3.0000 0.3091 0.0000 0.0000
 3.1000 0.3091 0.0000 0.0000
 3.2000 0.3091 0.0000 0.0000
 3.3000 0.3091 0.0000 0.0000
 3.4000 0.3091 0.0000 0.0000
 3.5000 0.3091 0.0000 0.0000
 3.6000 0.3091 0.0000 0.0000
 3.7000 0.3091 0.0000 0.0000
 3.8000 0.3091 0.0000 0.0000
 3.9000 0.3091 0.0000 0.0000
 4.0000 0.3091 0.0000 0.0000
 4.1000 0.3091 0.0000 0.0000
 4.2000 0.3091 0.0000 0.0000
 4.3000 0.3091 0.0000 0.0000
 4.4000 0.3091 0.0000 0.0000
 4.5000 0.3091 0.0000 0.0000
 4.6000 0.3091 0.0000 0.0000
 4.7000 0.3091 0.0000 0.0000
 4.8000 0.3091 0.0000 0.0000
 4.9000 0.3091 0.0000 0.0000
 5.0000 0.3091 0.0000 0.0000
 5.1000 0.3091 0.0000 0.0000
 5.2000 0.3091 0.0000 0.0000
 5.3000 0.3091 0.0000 0.0000
 5.4000 0.3091 0.0000 0.0000
 5.5000 0.3091 0.0000 0.0000
 5.6000 0.3091 0.0000 0.0000
 5.7000 0.3091 0.0000 0.0000
 5.8000 0.3091 0.0000 0.0000
 5.9000 0.3091 0.0000 0.0000
 6.0000 0.3091 0.0000 0.0000
 6.1000 0.3091 0.0000 0.0000
 6.2000 0.3091 0.0000 0.0000
 6.3000 0.3091 0.0000 0.0000
 6.4000 0.3091 0.0000 0.0000
 6.5000 0.3091 0.0000 0.0000
 6.6000 0.3091 0.0000 0.0000
 6.7000 0.3091 0.0000 0.0000
 6.8000 0.3091 0.0000 0.0000
 6.9000 0.3091 0.0000 0.0000
 7.0000 0.3091 0.0000 0.0000
 7.1000 0.3091 0.0000 0.0000
 7.2000 0.3091 0.0000 0.0000
 7.3000 0.3091 0.0000 0.0000
 7.4000 0.3091 0.0000 0.0000
 7.5000 0.3091 0.0000 0.0000
 7.6000 0.3091 0.0000 0.0000
 7.7000 0.3091 0.0000 0.0000
 7.8000 0.3091 0.0000 0.0000
 7.9000 0.3091 0.0000 0.0000
 8.0000 0.3091 0.0000 0.0000
 8.1000 0.3091 0.0000 0.0000
 8.2000 0.3091 0.0000 0.0000
 8.3000 0.3091 0.0000 0.0000
 8.4000 0.3091 0.0000 0.0000
 8.5000 0.3091 0.0000 0.0000
 8.6000 0.3091 0.0000 0.0000
 8.7000 0.3091 0.0000 0.0000
 8.8000 0.3091 0.0000 0.0000
 8.9000 0.3091 0.0000 0.0000
 9.0000 0.3091 0.0000 0.0000
 9.1000 0.3091 0.0000 0.0000
 9.2000 0.3091 0.0000 0.0000
 9.3000 0.3091 0.0000 0.0000
 9.4000 0.3091 0.0000 0.0000
 9.5000 0.3091 0.0000 0.0000
 9.6000 0.3091 0.0000 0.0000
 9.7000 0.3091 0.0000 0.0000
 9.8000 0.3091 0.0000 0.0000
 9.9000 0.3091 0.0000 0.0000
 10.0000 0.3091 0.0000 0.0000
 10.1000 0.3091 0.0000 0.0000
 10.2000 0.3091 0.0000 0.0000
 10.3000 0.3091 0.0000 0.0000
 10.4000 0.3091 0.0000 0.0000
 10.5000 0.3091 0.0000 0.0000
 10.6000 0.3091 0.0000 0.0000
 10.7000 0.3091 0.0000 0.0000
 10.8000 0.3091 0.0000 0.0000
 10.9000 0.3091 0.0000 0.0000
 11.0000 0.3091 0.0000 0.0000
 11.1000 0.3091 0.0000 0.0000
 11.2000 0.3091 0.0000 0.0000
 11.3000 0.3091 0.0000 0.0000
 11.4000 0.3091 0.0000 0.0000
 11.5000 0.3091 0.0000 0.0000
 11.6000 0.3091 0.0000 0.0000
 11.7000 0.3091 0.0000 0.0000
 11.8000 0.3091 0.0000 0.0000
 11.9000 0.3091 0.0000 0.0000
 12.0000 0.3091 0.0000 0.0000
 12.1000 0.3091 0.0000 0.0000
 12.2000 0.3091 0.0000 0.0000
 12.3000 0.3091 0.0000 0.0000
 12.4000 0.3091 0.0000 0.0000
 12.5000 0.3091 0.0000 0.0000
 12.6000 0.3091 0.0000 0.0000
 12.7000 0.3091 0.0000 0.0000
 12.8000 0.3091 0.0000 0.0000
 12.9000 0.3091 0.0000 0.0000
 13.0000 0.3091 0.0000 0.0000
 13.1000 0.3091 0.0000 0.0000
 13.2000 0.3091 0.0000 0.0000
 13.3000 0.3091 0.0000 0.0000
 13.4000 0.3091 0.0000 0.0000
 13.5000 0.3091 0.0000 0.0000
 0.0000 0.0000 0.0000 0.0000
 0.1000 -0.0013 0.0000 0.0000
 0.2000 -0.0026 0.0000 0.0000
 0.3000 -0.0039 0.0000 0.0000
 0.4000 -0.0052 0.0000 0.0000
 0.5000 -0.0064 0.0000 0.0000
 0.6000 -0.0077 0.0000 0.0000
 0.7000 -0.0090 0.0000 0.0000
 0.8000 -0.0103 0.0000 0.0000
 0.9000 -0.0116 0.0000 0.0000
 1.0000 -0.0129 0.0000 0.0000
 1.1000 -0.0142 0.0000 0.0000
 1.2000 -0.0155 0.0000 0.0000
 1.3000 -0.0167 0.0000 0.0000
 1.4000 -0.0180 0.0000 0.0000
 1.5000 -0.0193 0.0000 0.0000
 1.6000 -0.0206 0.0000 0.0000
 1.7000 -0.0219 0.0000 0.0000
 1.8000 -0.0232 0.0000 0.0000
 1.9000 -0.0245 0.0000 0.0000
 2.0000 -0.0258 0.0000 0.0000
 2.1000 -0.0270 0.0000 0.0000
 2.2000 -0.0283 0.0000 0.0000
 2.3000 -0.0296 0.0000 0.0000
 2.4000 -0.0309 0.0000 0.0000
 2.5000 -0.0322 0.0000 0.0000
 2.6000 -0.0335 0.0000 0.0000
 2.7000 -0.0348 0.0000 0.0000
 2.8000 -0.0361 0.0000 0.0000
 2.9000 -0.0374 0.0000 0.0000
 3.0000 -0.0386 0.0000 0.0000
 3.1000 -0.0399 0.0000 0.0000
 3.2000 -0.0412 0.0000 0.0000
 3.3000 -0.0425 0.0000 0.0000
 3.4000 -0.0438 0.0000 0.0000
 3.5000 -0.0451 0.0000 0.0000
 3.6000 -0.0464 0.0000 0.0000
 3.7000 -0.0477 0.0000 0.0000
 3.8000 -0.0489 0.0000 0.0000
 3.9000 -0.0502 0.0000 0.0000
 4.0000 -0.0515 0.0000 0.0000
 4.1000 -0.0528 0.0000 0.0000
 4.2000 -0.0541 0.0000 0.0000
 4.3000 -0.0554 0.0000 0.0000
 4.4000 -0.0567 0.0000 0.0000
 4.5000 -0.0580 0.0000 0.0000
 4.6000 -0.0593 0.0000 0.0000
 4.7000 -0.0605 0.0000 0.0000
 4.8000 -0.0618 0.0000 0.0000
 4.9000 -0.0631 0.0000 0.0000
 5.0000 -0.0644 0.0000 0.0000
 5.1000 -0.0657 0.0000 0.0000
 5.2000 -0.0670 0.0000 0.0000
 5.3000 -0.0683 0.0000 0.0000
 5.4000 -0.0696 0.0000 0.0000
 5.5000 -0.0708 0.0000 0.0000
 5.6000 -0.0721 0.0000 0.0000
 5.7000 -0.0734 0.0000 0.0000
 5.8000 -0.0747 0.0000 0.0000
 5.9000 -0.0760 0.0000 0.0000
 6.0000 -0.0773 0.0000 0.0000
 6.1000 -0.0786 0.0000 0.0000
 6.2000 -0.0799 0.0000 0.0000
 6.3000 -0.0811 0.0000 0.0000
 6.4000 -0.0824 0.0000 0.0000
 6.5000 -0.0837 0.0000 0.0000
 6.6000 -0.0850 0.0000 0.0000
 6.7000 -0.0863 0.0000 0.0000
 6.8000 -0.0876 0.0000 0.0000
 6.9000 -0.0889 0.0000 0.0000
 7.0000 -0.0902 0.0000 0.0000
 7.1000 -0.0915 0.0000 0.0000
 7.2000 -0.0927 0.0000 0.0000
 7.3000 -0.0940 0.0000 0.0000
 7.4000 -0.0953 0.0000 0.0000
 7.5000 -0.0966 0.0000 0.0000
 7.6000 -0.0979 0.0000 0.0000
 7.7000 -0.0992 0.0000 0.0000
 7.8000 -0.1005 0.0000 0.0000
 7.9000 -0.1018 0.0000 0.0000
 8.0000 -0.1030 0.0000 0.0000
 8.1000 -0.1043 0.0000 0.0000
 8.2000 -0.1056 0.0000 0.0000
 8.3000 -0.1069 0.0000 0.0000
 8.4000 -0.1082 0.0000 0.0000
 8.5000 -0.1095 0.0000 0.0000
 8.6000 -0.1108 0.0000 0.0000
 8.7000 -0.1121 0.0000 0.0000
 8.8000 -0.1133 0.0000 0.0000
 8.9000 -0.1146 0.0000 0.0000
 9.0000 -0.1159 0.0000 0.0000
 9.1000 -0.1172 0.0000 0.0000
 9.2000 -0.1185 0.0000 0.0000
 9.3000 -0.1198 0.0000 0.0000
 9.4000 -0.1211 0.0000 0.0000
 9.5000 -0.1224 0.0000 0.0000
 9.6000 -0.1237 0.0000 0.0000
 9.7000 -0.1249 0.0000 0.0000
 9.8000 -0.1262 0.0000 0.0000
 9.9000 -0.1275 0.0000 0.0000
 10.0000 -0.1288 0.0000 0.0000
 10.1000 -0.1301 0.0000 0.0000
 10.2000 -0.1314 0.0000 0.0000
 10.3000 -0.1327 0.0000 0.0000
 10.4000 -0.1340 0.0000 0.0000
 10.5000 -0.1352 0.0000 0.0000
 10.6000 -0.1365 0.0000 0.0000
 10.7000 -0.1378 0.0000 0.0000
 10.8000 -0.1391 0.0000 0.0000
 10.9000 -0.1404 0.0000 0.0000
 11.0000 -0.1417 0.0000 0.0000
 11.1000 -0.1430 0.0000 0.0000
 11.2000 -0.1443 0.0000 0.0000
 11.3000 -0.1456 0.0000 0.0000
 11.4000 -0.1468 0.0000 0.0000
 11.5000 -0.1481 0.0000 0.0000
 11.6000 -0.1494 0.0000 0.0000
 11.7000 -0.1507 0.0000 0.0000
 11.8000 -0.1520 0.0000 0.0000
 11.9000 -0.1533 0.0000 0.0000
 12.0000 -0.1546 0.0000 0.0000
 12.1000 -0.1559 0.0000 0.0000
 12.2000 -0.1571 0.0000 0.0000
 12.3000 -0.1584 0.0000 0.0000
 12.4000 -0.1597 0.0000 0.0000
 12.5000 -0.1610 0.0000 0.0000
 12.6000 -0.1623 0.0000 0.0000
 12.7000 -0.1636 0.0000 0.0000
 12.8000 -0.1649 0.0000 0.0000
 12.9000 -0.1662 0.0000 0.0000
 13.0000 -0.1674 0.0000 0.0000
 13.1000 -0.1687 0.0000 0.0000
 13.2000 -0.1700 0.0000 0.0000
 13.3000 -0.1713 0.0000 0.0000
 13.4000 -0.1726 0.0000 0.0000
 13.5000 -0.1739 0.0000 0.0000
 13.6000 -0.1752 0.0000 0.0000
 13.7000 -0.1765 0.0000 0.0000
 13.8000 -0.1778 0.0000 0.0000
 13.9000 -0.1790 0.0000 0.0000
 14.0000 -0.1803 0.0000 0.0000
 14.1000 -0.1816 0.0000 0.0000
 14.2000 -0.1829 0.0000 0.0000
 14.3000 -0.1842 0.0000 0.0000
 14.4000 -0.1855 0.0000 0.0000
 14.5000 -0.1868 0.0000 0.0000
 14.6000 -0.1881 0.0000 0.0000
 14.7000 -0.1893 0.0000 0.0000
 14.8000 -0.1906 0.0000 0.0000
 14.9000 -0.1919 0.0000 0.0000
 15.0000 -0.1932 0.0000 0.0000
 15.1000 -0.1945 0.0000 0.0000
 15.2000 -0.1958 0.0000 0.0000
 15.3000 -0.1971 0.0000 0.0000
 15.4000 -0.1984 0.0000 0.0000
 15.5000 -0.1996 0.0000 0.0000
 15.6000 -0.2009 0.0000 0.0000
 15.7000 -0.2022 0.0000 0.0000
 15.8000 -0.2035 0.0000 0.0000
 15.9000 -0.2048 0.0000 0.0000
 16.0000 -0.2061 0.0000 0.0000
 16.1000 -0.2074 0.0000 0.0000
 16.2000 -0.2087 0.0000 0.0000
 16.3000 -0.2100 0.0000 0.0000
 16.4000 -0.2112 0.0000 0.0000
 16.5000 -0.2125 0.0000 0.0000
 16.6000 -0.2138 0.0000 0.0000
 16.7000 -0.2151 0.0000 0.0000
 16.8000 -0.2164 0.0000 0.0000
 16.9000 -0.2177 0.0000 0.0000
 17.0000 -0.2190 0.0000 0.0000
 17.1000 -0.2203 0.0000 0.0000
 17.2000 -0.2215 0.0000 0.0000
 17.3000 -0.2228 0.0000 0.0000
 17.4000 -0.2241 0.0000 0.0000
 17.5000 -0.2254 0.0000 0.0000
 17.6000 -0.2267 0.0000 0.0000
 17.7000 -0.2280 0.0000 0.0000
 17.8000 -0.2293 0.0000 0.0000
 17.9000 -0.2306 0.0000 0.0000
 18.0000 -0.2318 0.0000 0.0000
 18.1000 -0.2331 0.0000 0.0000
 18.2000 -0.2344 0.0000 0.0000
 18.3000 -0.2357 0.0000 0.0000
 18.4000 -0.2370 0.0000 0.0000
 18.5000 -0.2383 0.0000 0.0000
 18.6000 -0.2396 0.0000 0.0000
 18.7000 -0.2409 0.0000 0.0000
 18.8000 -0.2422 0.0000 0.0000
 18.9000 -0.2434 0.0000 0.0000
 19.0000 -0.2447 0.0000 0.0000
 19.1000 -0.2460 0.0000 0.0000
 19.2000 -0.2473 0.0000 0.0000
 19.3000 -0.2486 0.0000 0.0000
 19.4000 -0.2499 0.0000 0.0000
 19.5000 -0.2512 0.0000 0.0000
 19.6000 -0.2525 0.0000 0.0000
 19.7000 -0.2537 0.0000 0.0000
 19.8000 -0.2550 0.0000 0.0000
 19.9000 -0.2563 0.0000 0.0000
 20.0000 -0.2576 0.0000 0.0000
 20.1000 -0.2589 0.0000 0.0000
 20.2000 -0.2602 0.0000 0.0000
 20.3000 -0.2615 0.0000 0.0000
 20.4000 -0.2628 0.0000 0.0000
 20.5000 -0.2641 0.0000 0.0000
 20.6000 -0.2653 0.0000 0.0000
 20.7000 -0.2666 0.0000 0.0000
 20.8000 -0.2679 0.0000 0.0000
 20.9000 -0.2692 0.0000 0.0000
 21.0000 -0.2705 0.0000 0.0000
 21.1000 -0.2718 0.0000 0.0000
 21.2000 -0.2731 0.0000 0.0000
 21.3000 -0.2744 0.0000 0.0000
 21.4000 -0.2756 0.0000 0.0000
 21.5000 -0.2769 0.0000 0.0000
 21.6000 -0.2782 0.0000 0.0000
 21.7000 -0.2795 0.0000 0.0000
 21.8000 -0.2808 0.0000 0.0000
 21.9000 -0.2821 0.0000 0.0000
 22.0000 -0.2834 0.0000 0.0000
 22.1000 -0.2847 0.0000 0.0000
 22.2000 -0.2859 0.0000 0.0000
 22.3000 -0.2872 0.0000 0.0000
 22.4000 -0.2885 0.0000 0.0000
 22.5000 -0.2898 0.0000 0.0000
 22.6000 -0.2911 0.0000 0.0000
 22.7000 -0.2924 0.0000 0.0000
 22.8000 -0.2937 0.0000 0.0000
 22.9000 -0.2950 0.0000 0.0000
 23.0000 -0.2963 0.0000 0.0000
 23.1000 -0.2975 0.0000 0.0000
 23.2000 -0.2988 0.0000 0.0000
 23.3000 -0.3001 0.0000 0.0000
 23.4000 -0.3014 0.0000 0.0000
 23.5000 -0.3027 0.0000 0.0000
 23.6000 -0.3040 0.0000 0.0000
 23.7000 -0.3053 0.0000 0.0000
 23.8000 -0.3066 0.0000 0.0000
 23.9000 -0.3078 0.0000 0.0000
 24.0000 -0.3091 0.0000 0.0000
 24.1000 -0.3104 0.0000 0.0000
 24.2000 -0.3117 0.0000 0.0000
 24.3000 -0.3130 0.0000 0.0000
 24.4000 -0.3143 0.0000 0.0000
 24.5000 -0.3156 0.0000 0.0000
 24.6000 -0.3169 0.0000 0.0000
 24.7000 -0.3181 0.0000 0.0000
 24.8000 -0.3194 0.0000 0.0000
 24.9000 -0.3207 0.0000 0.0000
 25.0000 -0.3220 0.0000 0.0000
 25.1000 -0.3233 0.0000 0.0000
 25.2000 -0.3246 0.0000 0.0000
 25.3000 -0.3259 0.0000 0.0000
 25.4000 -0.3272 0.0000 0.0000
 25.5000 -0.3285 0.0000 0.0000
 25.6000 -0.3297 0.0000 0.0000
 25.7000 -0.3310 0.0000 0.0000
 25.8000 -0.3323 0.0000 0.0000
 25.9000 -0.3336 0.0000 0.0000
 26.0000 -0.3349 0.0000 0.0000
 26.1000 -0.3362 0.0000 0.0000
 26.2000 -0.3375 0.0000 0.0000
 26.3000 -0.3388 0.0000 0.0000
 26.4000 -0.3400 0.0000 0.0000
 26.5000 -0.3413 0.0000 0.0000
 26.6000 -0.3426 0.0000 0.0000
 26.7000 -0.3439 0.0000 0.0000
 26.8000 -0.3452 0.0000 0.0000
 26.9000 -0.3465 0.0000 0.0000
 27.0000 -0.3478 0.0000 0.0000
 27.1000 -0.3491 0.0000 0.0000
 27.2000 -0.3504 0.0000 0.0000
 27.3000 -0.3516 0.0000 0.0000
 27.4000 -0.3529 0.0000 0.0000
 27.5000 -0.3542 0.0000 0.0000
 27.6000 -0.3555 0.0000 0.0000
 27.7000 -0.3568 0.0000 0.0000
 27.8000 -0.3581 0.0000 0.0000
 27.9000 -0.3594 0.0000 0.0000
 28.0000 -0.3607 0.0000 0.0000
 28.1000 -0.3619 0.0000 0.0000
 28.2000 -0.3632 0.0000 0.0000
 28.3000 -0.3645 0.0000 0.0000
 28.4000 -0.3658 0.0000 0.0000
 28.5000 -0.3671 0.0000 0.0000
 28.6000 -0.3684 0.0000 0.0000
 28.7000 -0.3697 0.0000 0.0000
 28.8000 -0.3710 0.0000 0.0000
 28.9000 -0.3722 0.0000 0.0000
 29.0000 -0.3735 0.0000 0.0000
 29.1000 -0.3748 0.0000 0.0000
 29.2000 -0.3761 0.0000 0.0000
 29.3000 -0.3774 0.0000 0.0000
 29.4000 -0.3787 0.0000 0.0000
 29.5000 -0.3800 0.0000 0.0000
 29.6000 -0.3813 0.0000 0.0000
 29.7000 -0.3826 0.0000 0.0000
 29.8000 -0.3838 0.0000 0.0000
 29.9000 -0.3851 0.0000 0.0000
 30.0000 -0.3864 0.0000 0.0000
 30.1000 -0.3877 0.0000 0.0000
 30.2000 -0.3890 0.0000 0.0000
 30.3000 -0.3903 0.0000 0.0000
 30.4000 -0.3916 0.0000 0.0000
 30.5000 -0.3929 0.0000 0.0000
 30.6000 -0.3941 0.0000 0.0000
 30.7000 -0.3954 0.0000 0.0000
 30.8000 -0.3967 0.0000 0.0000
 30.9000 -0.3980 0.0000 0.0000
 31.0000 -0.3993 0.0000 0.0000
 31.1000 -0.4006 0.0000 0.0000
 31.2000 -0.4019 0.0000 0.0000
 31.3000 -0.4032 0.0000 0.0000
 31.4000 -0.4044 0.0000 0.0000
 31.5000 -0.4057 0.0000 0.0000
 31.6000 -0.4070 0.0000 0.0000
 31.7000 -0.4083 0.0000 0.0000
 31.8000 -0.4096 0.0000 0.0000
 31.9000 -0.4109 0.0000 0.0000
 32.0000 -0.4122 0.0000 0.0000
 32.1000 -0.4135 0.0000 0.0000
 32.2000 -0.4148 0.0000 0.0000
 32.3000 -0.4160 0.0000 0.0000
 32.4000 -0.4173 0.0000 0.0000
 32.5000 -0.4186 0.0000 0.0000
 32.6000 -0.4199 0.0000 0.0000
 32.7000 -0.4212 0.0000 0.0000
 32.8000 -0.4225 0.0000 0.0000
 32.9000 -0.4238 0.0000 0.0000
 33.0000 -0.4251 0.0000 0.0000
 33.1000 -0.4263 0.0000 0.0000
 33.2000 -0.4276 0.0000 0.0000
 33.3000 -0.4289 0.0000 0.0000
 33.4000 -0.4302 0.0000 0.0000
 33.5000 -0.4315 0.0000 0.0000
 33.6000 -0.4328 0.0000 0.0000
 33.7000 -0.4341 0.0000 0.0000
 33.8000 -0.4354 0.0000 0.0000
 33.9000 -0.4367 0.0000 0.0000
 34.0000 -0.4379 0.0000 0.0000
 34.1000 -0.4392 0.0000 0.0000
 34.2000 -0.4405 0.0000 0.0000
 34.3000 -0.4418 0.0000 0.0000
 34.4000 -0.4431 0.0000 0.0000
 34.5000 -0.4444 0.0000 0.0000
 34.6000 -0.4457 0.0000 0.0000
 34.7000 -0.4470 0.0000 0.0000
 34.8000 -0.4482 0.0000 0.0000
 34.9000 -0.4495 0.0000 0.0000
 35.0000 -0.4508 0.0000 0.0000
 35.1000 -0.4521 0.0000 0.0000
 35.2000 -0.4534 0.0000 0.0000
 35.3000 -0.4547 0.0000 0.0000
 35.4000 -0.4560 0.0000 0.0000
 35.5000 -0.4573 0.0000 0.0000
 35.6000 -0.4585 0.0000 0.0000
 35.7000 -0.4598 0.0000 0.0000
 35.8000 -0.4611 0.0000 0.0000
 35.9000 -0.4624 0.0000 0.0000
 36.0000 -0.4637 0.0000 0.0000
 36.1000 -0.4650 0.0000 0.0000
 36.2000 -0.4663 0.0000 0.0000
 36.3000 -0.4676 0.0000 0.0000
 36.4000 -0.4689 0.0000 0.0000
 36.5000 -0.4701 0.0000 0.0000
 36.6000 -0.4714 0.0000 0.0000
 36.7000 -0.4727 0.0000 0.0000
 36.8000 -0.4740 0.0000 0.0000
 36.9000 -0.4753 0.0000 0.0000
 37.0000 -0.4766 0.0000 0.0000
 37.1000 -0.4779 0.0000 0.0000
 37.2000 -0.4792 0.0000 0.0000
 37.3000 -0.4804 0.0000 0.0000
 37.4000 -0.4817 0.0000 0.0000
 37.5000 -0.4830 0.0000 0.0000
 37.6000 -0.4843 0.0000 0.0000
 37.7000 -0.4856 0.0000 0.0000
 37.8000 -0.4869 0.0000 0.0000
 37.9000 -0.4882 0.0000 0.0000
 38.0000 -0.4895 0.0000 0.0000
 38.1000 -0.4907 0.0000 0.0000
 38.2000 -0.4920 0.0000 0.0000
 38.3000 -0.4933 0.0000 0.0000
 38.4000 -0.4946 0.0000 0.0000
 38.5000 -0.4959 0.0000 0.0000
 38.6000 -0.4972 0.0000 0.0000
 38.7000 -0.4985 0.0000 0.0000
 38.8000 -0.4998 0.0000 0.0000
 38.9000 -0.5011 0.0000 0.0000
 39.0000 -0.5023 0.0000 0.0000
 39.1000 -0.5036 0.0000 0.0000
 39.2000 -0.5049 0.0000 0.0000
 39.3000 -0.5062 0.0000 0.0000
 39.4000 -0.5075 0.0000 0.0000
 39.5000 -0.5088 0.0000 0.0000
 39.6000 -0.5101 0.0000 0.0000
 39.7000 -0.5114 0.0000 0.0000
 39.8000 -0.5126 0.0000 0.0000
 39.9000 -0.5139 0.0000 0.0000
 40.0000 -0.5152 0.0000 0.0000
 40.1000 -0.5165 0.0000 0.0000
 40.2000 -0.5178 0.0000 0.0000
 40.3000 -0.5191 0.0000 0.0000
 40.4000 -0.5204 0.0000 0.0000
 40.5000 -0.5217 0.0000 0.0000
 40.6000 -0.5230 0.0000 0.0000
 40.7000 -0.5242 0.0000 0.0000
 40.8000 -0.5255 0.0000 0.0000
 40.9000 -0.5268 0.0000 0.0000
 41.0000 -0.5281 0.0000 0.0000
 41.1000 -0.5294 0.0000 0.0000
 41.2000 -0.5307 0.0000 0.0000
 41.3000 -0.5320 0.0000 0.0000
 41.4000 -0.5333 0.0000 0.0000
 41.5000 -0.5345 0.0000 0.0000
 41.6000 -0.5358 0.0000 0.0000
 41.7000 -0.5371 0.0000 0.0000
 41.8000 -0.5384 0.0000 0.0000
 41.9000 -0.5397 0.0000 0.0000
 42.0000 -0.5410 0.0000 0.0000
 42.1000 -0.5423 0.0000 0.0000
 42.2000 -0.5436 0.0000 0.0000
 42.3000 -0.5448 0.0000 0.0000
 42.4000 -0.5461 0.0000 0.0000
 42.5000 -0.5474 0.0000 0.0000
 42.6000 -0.5487 0.0000 0.0000
 42.7000 -0.5500 0.0000 0.0000
 42.8000 -0.5513 0.0000 0.0000
 42.9000 -0.5526 0.0000 0.0000
 43.0000 -0.5539 0.0000 0.0000
 43.1000 -0.5552 0.0000 0.0000
 43.2000 -0.5564 0.0000 0.0000
 43.3000 -0.5577 0.0000 0.0000
 43.4000 -0.5590 0.0000 0.0000
 43.5000 -0.5603 0.0000 0.0000
 43.6000 -0.5616 0.0000 0.0000
 43.7000 -0.5629 0.0000 0.0000
 43.8000 -0.5642 0.0000 0.0000
 43.9000 -0.5655 0.0000 0.0000
 44.0000 -0.5667 0.0000 0.0000
 44.1000 -0.5680 0.0000 0.0000
 44.2000 -0.5693 0.0000 0.0000
 44.3000 -0.5706 0.0000 0.0000
 44.4000 -0.5719 0.0000 0.0000
 44.5000 -0.5732 0.0000 0.0000
 44.6000 -0.5745 0.0000 0.0000
 44.7000 -0.5758 0.0000 0.0000
 44.8000 -0.5770 0.0000 0.0000
 44.9000 -0.5783 0.0000 0.0000
 45.0000 -0.5796 0.0000 0.0000
 45.1000 -0.5809 0.0000 0.0000
 45.2000 -0.5822 0.0000 0.0000
 45.3000 -0.5835 0.0000 0.0000
 45.4000 -0.5848 0.0000 0.0000
 45.5000 -0.5861 0.0000 0.0000
 45.6000 -0.5874 0.0000 0.0000
 45.7000 -0.5886 0.0000 0.0000
 45.8000 -0.5899 0.0000 0.0000
 45.9000 -0.5912 0.0000 0.0000
 46.0000 -0.5925 0.0000 0.0000
 46.1000 -0.5938 0.0000 0.0000
 46.2000 -0.5951 0.0000 0.0000
 46.3000 -0.5964 0.0000 0.0000
 46.4000 -0.5977 0.0000 0.0000
 46.5000 -0.5989 0.0000 0.0000
 46.6000 -0.6002 0.0000 0.0000
 46.7000 -0.6015 0.0000 0.0000
 46.8000 -0.6028 0.0000 0.0000
 46.9000 -0.6041 0.0000 0.0000
 47.0000 -0.6054 0.0000 0.0000
 47.1000 -0.6067 0.0000 0.0000
 47.2000 -0.6080 0.0000 0.0000
 47.3000 -0.6093 0.0000 0.0000
 47.4000 -0.6105 0.0000 0.0000
 47.5000 -0.6118 0.0000 0.0000
 47.6000 -0.6131 0.0000 0.0000
 47.7000 -0.6144 0.0000 0.0000
 47.8000 -0.6157 0.0000 0.0000
 47.9000 -0.6170 0.0000 0.0000
 48.0000 -0.6183 0.0000 0.0000
 48.1000 -0.6196 0.0000 0.0000
 48.2000 -0.6208 0.0000 0.0000
 48.3000 -0.6221 0.0000 0.0000
 48.4000 -0.6234 0.0000 0.0000
 48.5000 -0.6247 0.0000 0.0000
 48.6000 -0.6260 0.0000 0.0000
 48.7000 -0.6273 0.0000 0.0000
 48.8000 -0.6286 0.0000 0.0000
 48.9000 -0.6299 0.0000 0.0000
 49.0000 -0.6311 0.0000 0.0000
 49.1000 -0.6324 0.0000 0.0000
 49.2000 -0.6337 0.0000 0.0000
 49.3000 -0.6350 0.0000 0.0000
 49.4000 -0.6363 0.0000 0.0000
 49.5000 -0.6376 0.0000 0.0000
 49.6000 -0.6389 0.0000 0.0000
 49.7000 -0.6402 0.0000 0.0000
 49.8000 -0.6415 0.0000 0.0000
 49.9000 -0.6427 0.0000 0.0000
 50.0000 -0.6440 0.0000 0.0000
 50.1000 -0.6453 0.0000 0.0000
 50.2000 -0.6466 0.0000 0.0000
 50.3000 -0.6479 0.0000 0.0000
 50.4000 -0.6492 0.0000 0.0000
 50.5000 -0.6505 0.0000 0.0000
 50.6000 -0.6518 0.0000 0.0000
 50.7000 -0.6530 0.0000 0.0000
 50.8000 -0.6543 0.0000 0.0000
 50.9000 -0.6556 0.0000 0.0000
 51.0000 -0.6569 0.0000 0.0000
 51.1000 -0.6582 0.0000 0.0000
 51.2000 -0.6595 0.0000 0.0000
 51.3000 -0.6608 0.0000 0.0000
 51.4000 -0.6621 0.0000 0.0000
 51.5000 -0.6633 0.0000 0.0000
 51.6000 -0.6646 0.0000 0.0000
 51.7000 -0.6659 0.0000 0.0000
 51.8000 -0.6672 0.0000 0.0000
 51.9000 -0.6685 0.0000 0.0000
 52.0000 -0.6698 0.0000 0.0000
 52.1000 -0.6711 0.0000 0.0000
 52.2000 -0.6724 0.0000 0.0000
 52.3000 -0.6737 0.0000 0.0000
 52.4000 -0.6749 0.0000 0.0000
 52.5000 -0.6762 0.0000 0.0000
 52.6000 -0.6775 0.0000 0.0000
 52.7000 -0.6788 0.0000 0.0000
 52.8000 -0.6801 0.0000 0.0000
 52.9000 -0.6814 0.0000 0.0000
 53.0000 -0.6827 0.0000 0.0000
 53.1000 -0.6840 0.0000 0.0000
 53.2000 -0.6852 0.0000 0.0000
 53.3000 -0.6865 0.0000 0.0000
 53.4000 -0.6878 0.0000 0.0000
 53.5000 -0.6891 0.0000 0.0000
 53.6000 -0.6904 0.0000 0.0000
 53.7000 -0.6917 0.0000 0.0000
 53.8000 -0.6930 0.0000 0.0000
 53.9000 -0.6943 0.0000 0.0000
 54.0000 -0.6956 0.0000 0.0000
 54.1000 -0.6968 0.0000 0.0000
 54.2000 -0.6981 0.0000 0.0000
 54.3000 -0.6994 0.0000 0.0000
 54.4000 -0.7007 0.0000 0.0000
 54.5000 -0.7020 0.0000 0.0000
 54.6000 -0.7033 0.0000 0.0000
 54.7000 -0.7046 0.0000 0.0000
 54.8000 -0.7059 0.0000 0.0000
 54.9000 -0.7071 0.0000 0.0000
 55.0000 -0.7084 0.0000 0.0000
 55.1000 -0.7097 0.0000 0.0000
 55.2000 -0.7110 0.0000 0.0000
 55.3000 -0.7123 0.0000 0.0000
 55.4000 -0.7136 0.0000 0.0000
 55.5000 -0.7149 0.0000 0.0000
 55.6000 -0.7162 0.0000 0.0000
 55.7000 -0.7174 0.0000 0.0000
 55.8000 -0.7187 0.0000 0.0000
 55.9000 -0.7200 0.0000 0.0000
 56.0000 -0.7213 0.0000 0.0000
 56.1000 -0.7226 0.0000 0.0000
 56.2000 -0.7239 0.0000 0.0000
 56.3000 -0.7252 0.0000 0.0000
 56.4000 -0.7265 0.0000 0.0000
 56.5000 -0.7278 0.0000 0.0000
 56.6000 -0.7290 0.0000 0.0000
 56.7000 -0.7303 0.0000 0.0000
 56.8000 -0.7316 0.0000 0.0000
 56.9000 -0.7329 0.0000 0.0000
 57.0000 -0.7342 0.0000 0.0000
 57.1000 -0.7355 0.0000 0.0000
 57.2000 -0.7368 0.0000 0.0000
 57.3000 -0.7381 0.0000 0.0000
 57.4000 -0.7393 0.0000 0.0000
 57.5000 -0.7406 0.0000 0.0000
 57.6000 -0.7419 0.0000 0.0000
 57.7000 -0.7432 0.0000 0.0000
 57.8000 -0.7445 0.0000 0.0000
 57.9000 -0.7458 0.0000 0.0000
 58.0000 -0.7471 0.0000 0.0000
 58.1000 -0.7484 0.0000 0.0000
 58.2000 -0.7496 0.0000 0.0000
 58.3000 -0.7509 0.0000 0.0000
 58.4000 -0.7522 0.0000 0.0000
 58.5000 -0.7535 0.0000 0.0000
 58.6000 -0.7548 0.0000 0.0000
 58.7000 -0.7561 0.0000 0.0000
 58.8000 -0.7574 0.0000 0.0000
 58.9000 -0.7587 0.0000 0.0000
 59.0000 -0.7600 0.0000 0.0000
 59.1000 -0.7612 0.0000 0.0000
 59.2000 -0.7625 0.0000 0.0000
 59.3000 -0.7638 0.0000 0.0000
 59.4000 -0.7651 0.0000 0.0000
 59.5000 -0.7664 0.0000 0.0000
 59.6000 -0.7677 0.0000 0.0000
 59.7000 -0.7690 0.0000 0.0000
 59.8000 -0.7703 0.0000 0.0000
 59.9000 -0.7715 0.0000 0.0000
 60.0000 -0.7728 0.0000 0.0000
 60.1000 -0.7741 0.0000 0.0000
 60.2000 -0.7754 0.0000 0.0000
 60.3000 -0.7767 0.0000 0.0000
 60.4000 -0.7780 0.0000 0.0000
 60.5000 -0.7793 0.0000 0.0000
 60.6000 -0.7806 0.0000 0.0000
 60.7000 -0.7819 0.0000 0.0000
 60.8000 -0.7831 0.0000 0.0000
 60.9000 -0.7844 0.0000 0.0000
 61.0000 -0.7857 0.0000 0.0000
 61.1000 -0.7870 0.0000 0.0000
 61.2000 -0.7883 0.0000 0.0000
 61.3000 -0.7896 0.0000 0.0000
 61.4000 -0.7909 0.0000 0.0000
 61.5000 -0.7922 0.0000 0.0000
 61.6000 -0.7934 0.0000 0.0000
 61.7000 -0.7947 0.0000 0.0000
 61.8000 -0.7960 0.0000 0.0000
 61.9000 -0.7973 0.0000 0.0000
 62.0000 -0.7986 0.0000 0.0000
 62.1000 -0.7999 0.0000 0.0000
 62.2000 -0.8012 0.0000 0.0000
 62.3000 -0.8025 0.0000 0.0000
 62.4000 -0.8037 0.0000 0.0000
 62.5000 -0.8050 0.0000 0.0000
 62.6000 -0.8063 0.0000 0.0000
 62.7000 -0.8076 0.0000 0.0000
 62.8000 -0.8089 0.0000 0.0000
 62.9000 -0.8102 0.0000 0.0000
 63.0000 -0.8115 0.0000 0.0000
 63.1000 -0.8128 0.0000 0.0000
 63.2000 -0.8141 0.0000 0.0000
 63.3000 -0.8153 0.0000 0.0000
 63.4000 -0.8166 0.0000 0.0000
 63.5000 -0.8179 0.0000 0.0000
 63.6000 -0.8192 0.0000 0.0000
 63.7000 -0.8205 0.0000 0.0000
 63.8000 -0.8218 0.0000 0.0000
 63.9000 -0.8231 0.0000 0.0000
 64.0000 -0.8244 0.0000 0.0000
 64.1000 -0.8256 0.0000 0.0000
 64.2000 -0.8269 0.0000 0.0000
 64.3000 -0.8282 0.0000 0.0000
 64.4000 -0.8295 0.0000 0.0000
 64.5000 -0.8308 0.0000 0.0000
 64.6000 -0.8321 0.0000 0.0000
 64.7000 -0.8334 0.0000 0.0000
 64.8000 -0.8347 0.0000 0.0000
 64.9000 -0.8359 0.0000 0.0000
 65.0000 -0.8372 0.0000 0.0000
 65.1000 -0.8385 0.0000 0.0000
 65.2000 -0.8398 0.0000 0.0000
 65.3000 -0.8411 0.0000 0.0000
 65.4000 -0.8424 0.0000 0.0000
 65.5000 -0.8437 0.0000 0.0000
 65.6000 -0.8450 0.0000 0.0000
 65.7000 -0.8463 0.0000 0.0000
 65.8000 -0.8475 0.0000 0.0000
 65.9000 -0.8488 0.0000 0.0000
 66.0000 -0.8501 0.0000 0.0000
 66.1000 -0.8514 0.0000 0.0000
 66.2000 -0.8527 0.0000 0.0000
 66.3000 -0.8540 0.0000 0.0000
 66.4000 -0.8553 0.0000 0.0000
 66.5000 -0.8566 0.0000 0.0000
 66.6000 -0.8578 0.0000 0.0000
 66.7000 -0.8591 0.0000 0.0000
 66.8000 -0.8604 0.0000 0.0000
 66.9000 -0.8617 0.0000 0.0000
 67.0000 -0.8630 0.0000 0.0000
 67.1000 -0.8643 0.0000 0.0000
 67.2000 -0.8656 0.0000 0.0000
 67.3000 -0.8669 0.0000 0.0000
 67.4000 -0.8681 0.0000 0.0000
 67.5000 -0.8694 0.0000 0.0000
 67.6000 -0.8707 0.0000 0.0000
 67.7000 -0.8720 0.0000 0.0000
 67.8000 -0.8733 0.0000 0.0000
 67.9000 -0.8746 0.0000 0.0000
 68.0000 -0.8759 0.0000 0.0000
 68.1000 -0.8772 0.0000 0.0000
 68.2000 -0.8785 0.0000 0.0000
 68.3000 -0.8797 0.0000 0.0000
 68.4000 -0.8810 0.0000 0.0000
 68.5000 -0.8823 0.0000 0.0000
 68.6000 -0.8836 0.0000 0.0000
 68.7000 -0.8849 0.0000 0.0000
 68.8000 -0.8862 0.0000 0.0000
 68.9000 -0.8875 0.0000 0.0000
 69.0000 -0.8888 0.0000 0.0000
 69.1000 -0.8900 0.0000 0.0000
 69.2000 -0.8913 0.0000 0.0000
 69.3000 -0.8926 0.0000 0.0000
 69.4000 -0.8939 0.0000 0.0000
 69.5000 -0.8952 0.0000 0.0000
 69.6000 -0.8965 0.0000 0.0000
 69.7000 -0.8978 0.0000 0.0000
 69.8000 -0.8991 0.0000 0.0000
 69.9000 -0.9004 0.0000 0.0000
 70.0000 -0.9016 0.0000 0.0000
 70.1000 -0.9029 0.0000 0.0000
 70.2000 -0.9042 0.0000 0.0000
 70.3000 -0.9055 0.0000 0.0000
 70.4000 -0.9068 0.0000 0.0000
 70.5000 -0.9081 0.0000 0.0000
 70.6000 -0.9094 0.0000 0.0000
 70.7000 -0.9107 0.0000 0.0000
 70.8000 -0.9119 0.0000 0.0000
 70.9000 -0.9132 0.0000 0.0000
 71.0000 -0.9145 0.0000 0.0000
 71.1000 -0.9158 0.0000 0.0000
 71.2000 -0.9171 0.0000 0.0000
 71.3000 -0.9184 0.0000 0.0000
 71.4000 -0.9197 0.0000 0.0000
 71.5000 -0.9210 0.0000 0.0000
 71.6000 -0.9222 0.0000 0.0000
 71.7000 -0.9235 0.0000 0.0000
 71.8000 -0.9248 0.0000 0.0000
 71.9000 -0.9261 0.0000 0.0000
 72.0000 -0.9274 0.0000 0.0000
 72.1000 -0.9287 0.0000 0.0000
 72.2000 -0.9300 0.0000 0.0000
 72.3000 -0.9313 0.0000 0.0000
 72.4000 -0.9326 0.0000 0.0000
 72.5000 -0.9338 0.0000 0.0000
 72.6000 -0.9351 0.0000 0.0000
 72.7000 -0.9364 0.0000 0.0000
 72.8000 -0.9377 0.0000 0.0000
 72.9000 -0.9390 0.0000 0.0000
 73.0000 -0.9403 0.0000 0.0000
 73.1000 -0.9416 0.0000 0.0000
 73.2000 -0.9429 0.0000 0.0000
 73.3000 -0.9441 0.0000 0.0000
 73.4000 -0.9454 0.0000 0.0000
 73.5000 -0.9467 0.0000 0.0000
 73.6000 -0.9480 0.0000 0.0000
 73.7000 -0.9493 0.0000 0.0000
 73.8000 -0.9506 0.0000 0.0000
 73.9000 -0.9519 0.0000 0.0000
 74.0000 -0.9532 0.0000 0.0000
 74.1000 -0.9544 0.0000 0.0000
 74.2000 -0.9557 0.0000 0.0000
 74.3000 -0.9570 0.0000 0.0000
 74.4000 -0.9583 0.0000 0.0000
 74.5000 -0.9596 0.0000 0.0000
 74.6000 -0.9609 0.0000 0.0000
 74.7000 -0.9622 0.0000 0.0000
 74.8000 -0.9635 0.0000 0.0000
 74.9000 -0.9648 0.0000 0.0000
 75.0000 -0.9660 0.0000 0.0000
 75.1000 -0.9673 0.0000 0.0000
 75.2000 -0.9686 0.0000 0.0000
 75.3000 -0.9699 0.0000 0.0000
 75.4000 -0.9712 0.0000 0.0000
 75.5000 -0.9725 0.0000 0.0000
 75.6000 -0.9738 0.0000 0.0000
 75.7000 -0.9751 0.0000 0.0000
 75.8000 -0.9763 0.0000 0.0000
 75.9000 -0.9776 0.0000 0.0000
 76.0000 -0.9789 0.0000 0.0000
 76.1000 -0.9802 0.0000 0.0000
 76.2000 -0.9815 0.0000 0.0000
 76.3000 -0.9828 0.0000 0.0000
 76.4000 -0.9841 0.0000 0.0000
 76.5000 -0.9854 0.0000 0.0000
 76.6000 -0.9867 0.0000 0.0000
 76.7000 -0.9879 0.0000 0.0000
 76.8000 -0.9892 0.0000 0.0000
 76.9000 -0.9905 0.0000 0.0000
 77.0000 -0.9918 0.0000 0.0000
 77.1000 -0.9931 0.0000 0.0000
 77.2000 -0.9944 0.0000 0.0000
 77.3000 -0.9957 0.0000 0.0000
 77.4000 -0.9970 0.0000 0.0000
 77.5000 -0.9982 0.0000 0.0000
 77.6000 -0.9995 0.0000 0.0000
 77.7000 -1.0008 0.0000 0.0000
 77.8000 -1.0021 0.0000 0.0000
 77.9000 -1.0034 0.0000 0.0000
 78.0000 -1.0047 0.0000 0.0000
 78.1000 -1.0060 0.0000 0.0000
 78.2000 -1.0073 0.0000 0.0000
 78.3000 -1.0085 0.0000 0.0000
 78.4000 -1.0098 0.0000 0.0000
 78.5000 -1.0111 0.0000 0.0000
 78.6000 -1.0124 0.0000 0.0000
 78.7000 -1.0137 0.0000 0.0000
 78.8000 -1.0150 0.0000 0.0000
 78.9000 -1.0163 0.0000 0.0000
 79.0000 -1.0176 0.0000 0.0000
 79.1000 -1.0189 0.0000 0.0000
 79.2000 -1.0201 0.0000 0.0000
 79.3000 -1.0214 0.0000 0.0000
 79.4000 -1.0227 0.0000 0.0000
 79.5000 -1.0240 0.0000 0.0000
 79.6000 -1.0253 0.0000 0.0000
 79.7000 -1.0266 0.0000 0.0000
 79.8000 -1.0279 0.0000 0.0000
 79.9000 -1.0292 0.0000 0.0000
 80.0000 -1.0304 0.0000 0.0000
 80.1000 -1.0317 0.0000 0.0000
 80.2000 -1.0330 0.0000 0.0000
 80.3000 -1.0343 0.0000 0.0000
 80.4000 -1.0356 0.0000 0.0000
 80.5000 -1.0369 0.0000 0.0000
 80.6000 -1.0382 0.0000 0.0000
 80.7000 -1.0395 0.0000 0.0000
 80.8000 -1.0407 0.0000 0.0000
 80.9000 -1.0420 0.0000 0.0000
 81.0000 -1.0433 0.0000 0.0000
 81.1000 -1.0446 0.0000 0.0000
 81.2000 -1.0459 0.0000 0.0000
 81.3000 -1.0472 0.0000 0.0000
 81.4000 -1.0485 0.0000 0.0000
 81.5000 -1.0498 0.0000 0.0000
 81.6000 -1.0511 0.0000 0.0000
 81.7000 -1.0523 0.0000 0.0000
 81.8000 -1.0536 0.0000 0.0000
 81.9000 -1.0549 0.0000 0.0000
 82.0000 -1.0562 0.0000 0.0000
 82.1000 -1.0575 0.0000 0.0000
 82.2000 -1.0588 0.0000 0.0000
 82.3000 -1.0601 0.0000 0.0000
 82.4000 -1.0614 0.0000 0.0000
 82.5000 -1.0626 0.0000 0.0000
 82.6000 -1.0639 0.0000 0.0000
 82.7000 -1.0652 0.0000 0.0000
 82.8000 -1.0665 0.0000 0.0000
 82.9000 -1.0678 0.0000 0.0000
 83.0000 -1.0691 0.0000 0.0000
 83.1000 -1.0704 0.0000 0.0000
 83.2000 -1.0717 0.0000 0.0000
 83.3000 -1.0730 0.0000 0.0000
 83.4000 -1.0742 0.0000 0.0000
 83.5000 -1.0755 0.0000 0.0000
 83.6000 -1.0768 0.0000 0.0000
 83.7000 -1.0781 0.0000 0.0000
 83.8000 -1.0794 0.0000 0.0000
 83.9000 -1.0807 0.0000 0.0000
 84.0000 -1.0820 0.0000 0.0000
 84.1000 -1.0833 0.0000 0.0000
 84.2000 -1.0845 0.0000 0.0000
 84.3000 -1.0858 0.0000 0.0000
 84.4000 -1.0871 0.0000 0.0000
 84.5000 -1.0884 0.0000 0.0000
 84.6000 -1.0897 0.0000 0.0000
 84.7000 -1.0910 0.0000 0.0000
 84.8000 -1.0923 0.0000 0.0000
 84.9000 -1.0936 0.0000 0.0000
 85.0000 -1.0948 0.0000 0.0000
 85.1000 -1.0961 0.0000 0.0000
 85.2000 -1.0974 0.0000 0.0000
 85.3000 -1.0987 0.0000 0.0000
 85.4000 -1.1000 0.0000 0.0000
 85.5000 -1.1013 0.0000 0.0000
 85.6000 -1.1026 0.0000 0.0000
 85.7000 -1.1039 0.0000 0.0000
 85.8000 -1.1052 0.0000 0.0000
 85.9000 -1.1064 0.0000 0.0000
 86.0000 -1.1077 0.0000 0.0000
 86.1000 -1.1090 0.0000 0.0000
 86.2000 -1.1103 0.0000 0.0000
 86.3000 -1.1116 0.0000 0.0000
 86.4000 -1.1129 0.0000 0.0000
 86.5000 -1.1142 0.0000 0.0000
 86.6000 -1.1155 0.0000 0.0000
 86.7000 -1.1167 0.0000 0.0000
 86.8000 -1.1180 0.0000 0.0000
 86.9000 -1.1193 0.0000 0.0000
 87.0000 -1.1206 0.0000 0.0000
 87.1000 -1.1219 0.0000 0.0000
 87.2000 -1.1232 0.0000 0.0000
 87.3000 -1.1245 0.0000 0.0000
 87.4000 -1.1258 0.0000 0.0000
 87.5000 -1.1270 0.0000 0.0000
 87.6000 -1.1283 0.0000 0.0000
 87.7000 -1.1296 0.0000 0.0000
 87.8000 -1.1309 0.0000 0.0000
 87.9000 -1.1322 0.0000 0.0000
 88.0000 -1.1335 0.0000 0.0000
 88.1000 -1.1348 0.0000 0.0000
 88.2000 -1.1361 0.0000 0.0000
 88.3000 -1.1374 0.0000 0.0000
 88.4000 -1.1386 0.0000 0.0000
 88.5000 -1.1399 0.0000 0.0000
 88.6000 -1.1412 0.0000 0.0000
 88.7000 -1.1425 0.0000 0.0000
 88.8000 -1.1438 0.0000 0.0000
 88.9000 -1.1451 0.0000 0.0000
 89.0000 -1.1464 0.0000 0.0000
 89.1000 -1.1477 0.0000 0.0000
 89.2000 -1.1489 0.0000 0.0000
 89.3000 -1.1502 0.0000 0.0000
 89.4000 -1.1515 0.0000 0.0000
 89.5000 -1.1528 0.0000 0.0000
 89.6000 -1.1541 0.0000 0.0000
 89.7000 -1.1554 0.0000 0.0000
 89.8000 -1.1567 0.0000 0.0000
 89.9000 -1.1580 0.0000 0.0000
 90.0000 -1.1593 0.0000 0.0000
 90.1000 -1.1605 0.0000 0.0000
 90.2000 -1.1618 0.0000 0.0000
 90.3000 -1.1631 0.0000 0.0000
 90.4000 -1.1644 0.0000 0.0000
 90.5000 -1.1657 0.0000 0.0000
 90.6000 -1.1670 0.0000 0.0000
 90.7000 -1.1683 0.0000 0.0000
 90.8000 -1.1696 0.0000 0.0000
 90.9000 -1.1708 0.0000 0.0000
 91.0000 -1.1721 0.0000 0.0000
 91.1000 -1.1734 0.0000 0.0000
 91.2000 -1.1747 0.0000 0.0000
 91.3000 -1.1760 0.0000 0.0000
 91.4000 -1.1773 0.0000 0.0000
 91.5000 -1.1786 0.0000 0.0000
 91.6000 -1.1799 0.0000 0.0000
 91.7000 -1.1811 0.0000 0.0000
 91.8000 -1.1824 0.0000 0.0000
 91.9000 -1.1837 0.0000 0.0000
 92.0000 -1.1850 0.0000 0.0000
 92.1000 -1.1863 0.0000 0.0000
 92.2000 -1.1876 0.0000 0.0000
 92.3000 -1.1889 0.0000 0.0000
 92.4000 -1.1902 0.0000 0.0000
 92.5000 -1.1915 0.0000 0.0000
 92.6000 -1.1927 0.0000 0.0000
 92.7000 -1.1940 0.0000 0.0000
 92.8000 -1.1953 0.0000 0.0000
 92.9000 -1.1966 0.0000 0.0000
 93.0000 -1.1979 0.0000 0.0000
 93.1000 -1.1992 0.0000 0.0000
 93.2000 -1.2005 0.0000 0.0000
 93.3000 -1.2018 0.0000 0.0000
 93.4000 -1.2030 0.0000 0.0000
 93.5000 -1.2043 0.0000 0.0000
 93.6000 -1.2056 0.0000 0.0000
 93.7000 -1.2069 0.0000 0.0000
 93.8000 -1.2082 0.0000 0.0000
 93.9000 -1.2095 0.0000 0.0000
 94.0000 -1.2108 0.0000 0.0000
 94.1000 -1.2121 0.0000 0.0000
 94.2000 -1.2133 0.0000 0.0000
 94.3000 -1.2146 0.0000 0.0000
 94.4000 -1.2159 0.0000 0.0000
 94.5000 -1.2172 0.0000 0.0000
 94.6000 -1.2185 0.0000 0.0000
 94.7000 -1.2198 0.0000 0.0000
 94.8000 -1.2211 0.0000 0.0000
 94.9000 -1.2224 0.0000 0.0000
 95.0000 -1.2237 0.0000 0.0000
 95.1000 -1.2249 0.0000 0.0000
 95.2000 -1.2262 0.0000 0.0000
 95.3000 -1.2275 0.0000 0.0000
 95.4000 -1.2288 0.0000 0.0000
 95.5000 -1.2301 0.0000 0.0000
 95.6000 -1.2314 0.0000 0.0000
 95.7000 -1.2327 0.0000 0.0000
 95.8000 -1.2340 0.0000 0.0000
 95.9000 -1.2352 0.0000 0.0000
 96.0000 -1.2365 0.0000 0.0000
 96.1000 -1.2378 0.0000 0.0000
 96.2000 -1.2391 0.0000 0.0000
 96.3000 -1.2404 0.0000 0.0000
 96.4000 -1.2417 0.0000 0.0000
 96.5000 -1.2430 0.0000 0.0000
 96.6000 -1.2443 0.0000 0.0000
 96.7000 -1.2456 0.0000 0.0000
 96.8000 -1.2468 0.0000 0.0000
 96.9000 -1.2481 0.0000 0.0000
 97.0000 -1.2494 0.0000 0.0000
 97.1000 -1.2507 0.0000 0.0000
 97.2000 -1.2520 0.0000 0.0000
 97.3000 -1.2533 0.0000 0.0000
 97.4000 -1.2546 0.0000 0.0000
 97.5000 -1.2559 0.0000 0.0000
 97.6000 -1.2571 0.0000 0.0000
 97.7000 -1.2584 0.0000 0.0000
 97.8000 -1.2597 0.0000 0.0000
 97.9000 -1.2610 0.0000 0.0000
 98.0000 -1.2623 0.0000 0.0000
 98.1000 -1.2636 0.0000 0.0000
 98.2000 -1.2649 0.0000 0.0000
 98.3000 -1.2662 0.0000 0.0000
 98.4000 -1.2674 0.0000 0.0000
 98.5000 -1.2687 0.0000 0.0000
 98.6000 -1.2700 0.0000 0.0000
 98.7000 -1.2713 0.0000 0.0000
 98.8000 -1.2726 0.0000 0.0000
 98.9000 -1.2739 0.0000 0.0000
 99.0000 -1.2752 0.0000 0.0000
 99.1000 -1.2765 0.0000 0.0000
 99.2000 -1.2778 0.0000 0.0000
 99.3000 -1.2790 0.0000 0.0000
 99.4000 -1.2803 0.0000 0.0000
 99.5000 -1.2816 0.0000 0.0000
 99.6000 -1.2829 0.0000 0.0000
 99.7000 -1.2842 0.0000 0.0000
 99.8000 -1.2855 0.0000 0.0000
 99.9000 -1.2868 0.0000 0.0000
 100.0000 -1.2881 0.0000 0.0000
 100.1000 -1.2893 0.0000 0.0000
 100.2000 -1.2906 0.0000 0.0000
 100.3000 -1.2919 0.0000 0.0000
 100.4000 -1.2932 0.0000 0.0000
 100.5000 -1.2945 0.0000 0.0000
 100.6000 -1.2958 0.0000 0.0000
 100.7000 -1.2971 0.0000 0.0000
 100.8000 -1.2984 0.0000 0.0000
 100.9000 -1.2996 0.0000 0.0000
 101.0000 -1.3009 0.0000 0.0000
 101.1000 -1.3022 0.0000 0.0000
 101.2000 -1.3035 0.0000 0.0000
 101.3000 -1.3048 0.0000 0.0000
 101.4000 -1.3061 0.0000 0.0000
 101.5000 -1.3074 0.0000 0.0000
 101.6000 -1.3087 0.0000 0.0000
 101.7000 -1.3100 0.0000 0.0000
 101.8000 -1.3112 0.0000 0.0000
 101.9000 -1.3125 0.0000 0.0000
 102.0000 -1.3138 0.0000 0.0000
 102.1000 -1.3135 -0.0714 0.0000
 102.2000 -1.3138 -0.0714 0.0000
 102.3000 -1.3135 -0.0714 0.0000
 102.4000 -1.3138 -0.0714 0.0000
 102.5000 -1.3135 -0.0714 0.0000
 102.6000 -1.3138 -0.0714 0.0000
 102.7000 -1.3135 -0.0714 0.0000
 102.8000 -1.3138 -0.0714 0.0000
 102.9000 -1.3135 -0.0714 0.0000
 103.0000 -1.3138 -0.0714 0.0000
 103.1000 -1.3135 -0.0714 0.0000
 103.2000 -1.3138 -0.0714 0.0000
 103.3000 -1.3135 -0.0714 0.0000
 103.4000 -1.3138 -0.0714 0.0000
 103.5000 -1.3135 -0.0714 0.0000
 103.6000 -1.3138 -0.0714 0.0000
 103.7000 -1.3135 -0.0714 0.0000
 103.8000 -1.3138 -0.0714 0.0000
 103.9000 -1.3135 -0.0714 0.0000
 104.0000 -1.3138 -0.0714 0.0000
 104.1000 -1.3135 -0.0714 0.0000
 104.2000 -1.3138 -0.0714 0.0000
 104.3000 -1.3135 -0.0714 0.0000
 104.4000 -1.3138 -0.0714 0.0000
 104.5000 -1.3135 -0.0714 0.0000
 104.6000 -1.3138 -0.0714 0.0000
 104.7000 -1.3135 -0.0714 0.0000
 104.8000 -1.3138 -0.0714 0.0000
 104.9000 -1.3135 -0.0714 0.0000
 105.0000 -1.3138 -0.0714 0.0000
 105.1000 -1.3135 -0.0714 0.0000
 105.2000 -1.3138 -0.0714 0.0000
 105.3000 -1.3135 -0.0714 0.0000
 105.4000 -1.3138 -0.0714 0.0000
 105.5000 -1.3135 -0.0714 0.0000
 105.6000 -1.3138 -0.0714 0.0000
 105.7000 -1.3135 -0.0714 0.0000
 105.8000 -1.3138 -0.0714 0.0000
 105.9000 -1.3135 -0.0714 0.0000
 106.0000 -1.3138 -0.0714 0.0000
 106.1000 -1.3135 -0.0714 0.0000
 106.2000 -1.3138 -0.0714 0.0000
 106.3000 -1.3135 -0.0714 0.0000
 106.4000 -1.3138 -0.0714 0.0000
 106.5000 -1.3135 -0.0714 0.0000
 106.6000 -1.3138 -0.0714 0.0000
 106.7000 -1.3135 -0.0714 0.0000
 106.8000 -1.3138 -0.0714 0.0000
 106.9000 -1.3135 -0.0714 0.0000
 107.0000 -1.3138 -0.0714 0.0000
 107.1000 -1.3135 -0.0714 0.0000
 107.2000 -1.3138 -0.0714 0.0000
 107.3000 -1.3135 -0.0714 0.0000
 107.4000 -1.3138 -0.0714 0.0000
 107.5000 -1.3135 -0.0714 0.0000
 107.6000 -1.3138 -0.0714 0.0000
 107.7000 -1.3135 -0.0714 0.0000
 107.8000 -1.3138 -0.0714 0.0000
 107.9000 -1.3135 -0.0714 0.0000
 108.0000 -1.3138 -0.0714 0.0000
 108.1000 -1.3135 -0.0714 0.0000
 108.2000 -1.3138 -0.0714 0.0000
 108.3000 -1.3135 -0.0714 0.0000
 108.4000 -1.3138 -0.0714 0.0000
 108.5000 -1.3135 -0.0714 0.0000
 108.6000 -1.3138 -0.0714 0.0000
 108.7000 -1.3135 -0.0714 0.0000
 108.8000 -1.3138 -0.0714 0.0000
 108.9000 -1.3135 -0.0714 0.0000
 109.0000 -1.3138 -0.0714 0.0000
 109.1000 -1.3135 -0.0714 0.0000
 109.2000 -1.3138 -0.0714 0.0000
 109.3000 -1.3135 -0.0714 0.0000
 109.4000 -1.3138 -0.0714 0.0000
 109.5000 -1.3135 -0.0714 0.0000
 109.6000 -1.3138 -0.0714 0.0000
 109.7000 -1.3135 -0.0714 0.0000
 109.8000 -1.3138 -0.0714 0.0000
 109.9000 -1.3135 -0.0714 0.0000
 110.0000 -1.3138 -0.0714 0.0000
 110.1000 -1.3135 -0.0714 0.0000
 110.2000 -1.3138 -0.0714 0.0000
 110.3000 -1.3135 -0.0714 0.0000
 110.4000 -1.3138 -0.0714 0.0000
 110.5000 -1.3135 -0.0714 0.0000
 110.6000 -1.3138 -0.0714 0.0000
 110.7000 -1.3135 -0.0714 0.0000
 110.8000 -1.3138 -0.0714 0.0000
 110.9000 -1.3135 -0.0714 0.0000
 111.0000 -1.3138 -0.0714 0.0000
 111.1000 -1.3135 -0.0714 0.0000
 111.2000 -1.3138 -0.0714 0.0000
 111.3000 -1.3135 -0.0714 0.0000
 111.4000 -1.3138 -0.0714 0.0000
 111.5000 -1.3135 -0.0714 0.0000
 111.6000 -1.3138 -0.0714 0.0000
 111.7000 -1.3135 -0.0714 0.0000
 111.8000 -1.3138 -0.0714 0.0000
 111.9000 -1.3135 -0.0714 0.0000
 112.0000 -1.3138 -0.0714 0.0000
 112.1000 -1.3135 -0.0714 0.0000
 112.2000 -1.3138 -0.0714 0.0000
 112.3000 -1.3135 -0.0714 0.0000
 112.4000 -1.3138 -0.0714 0.0000
 112.5000 -1.3135 -0.0714 0.0000
 112.6000 -1.3138 -0.0714 0.0000
 112.7000 -1.3135 -0.0714 0.0000
 112.8000 -1.3138 -0.0714 0.0000
 112.9000 -1.3135 -0.0714 0.0000
 113.0000 -1.3138 -0.0714 0.0000
 113.1000 -1.3135 -0.0714 0.0000
 113.2000 -1.3138 -0.0714 0.0000
 113.3000 -1.3135 -0.0714 0.0000
 113.4000 -1.3138 -0.0714 0.0000
 113.5000 -1.3135 -0.0714 0.0000
 113.6000 -1.3138 -0.0714 0.0000
 113.7000 -1.3135 -0.0714 0.0000
 113.8000 -1.3138 -0.0714 0.0000
 113.9000 -1.3135 -0.0714 0.0000
 114.0000 -1.3138 -0.0714 0.0000
 114.1000 -1.3135 -0.0714 0.0000
 114.2000 -1.3138 -0.0714 0.0000
 114.3000 -1.3135 -0.0714 0.0000
 114.4000 -1.3138 -0.0714 0.0000
 114.5000 -1.3135 -0.0714 0.0000
 114.6000 -1.3138 -0.0714 0.0000
 114.7000 -1.3135 -0.0714 0.0000
 114.8000 -1.3138 -0.0714 0.0000
 114.9000 -1.3135 -0.0714 0.0000
 115.0000 -1.3138 -0.0714 0.0000
 115.1000 -1.3135 -0.0714 0.0000
 115.2000 -1.3138 -0.0714 0.0000
 115.3000 -1.3135 -0.0714 0.0000
 115.4000 -1.3138 -0.0714 0.0000
 115.5000 -1.3135 -0.0714 0.0000
 115.6000 -1.3138 -0.0714 0.0000
 115.7000 -1.3135 -0.0714 0.0000
 115.8000 -1.3138 -0.0714 0.0000
 115.9000 -1.3135 -0.0714 0.0000
 116.0000 -1.3138 -0.0714 0.0000
 116.1000 -1.3135 -0.0714 0.0000
 116.2000 -1.3138 -0.0714 0.0000
 116.3000 -1.3135 -0.0714 0.0000
 116.4000 -1.3138 -0.0714 0.0000
 116.5000 -1.3135 -0.0714 0.0000
 116.6000 -1.3138 -0.0714 0.0000
 116.7000 -1.3135 -0.0714 0.0000
 116.8000 -1.3138 -0.0714 0.0000
 116.9000 -1.3135 -0.0714 0.0000
 117.0000 -1.3138 -0.0714 0.0000
 117.1000 -1.3135 -0.0714 0.0000
 117.2000 -1.3138 -0.0714 0.0000
 117.3000 -1.3135 -0.0714 0.0000
 117.4000 -1.3138 -0.0714 0.0000
 117.5000 -1.3135 -0.0714 0.0000
 117.6000 -1.3138 -0.0714 0.0000
 117.7000 -1.3135 -0.0714 0.0000
 117.8000 -1.3138 -0.0714 0.0000
 117.9000 -1.3135 -0.0714 0.0000
 118.0000 -1.3138 -0.0714 0.0000
 118.1000 -1.3135 -0.0714 0.0000
 118.2000 -1.3138 -0.0714 0.0000
 118.3000 -1.3135 -0.0714 0.0000
 118.4000 -1.3138 -0.0714 0.0000
 118.5000 -1.3135 -0.0714 0.0000
 118.6000 -1.3138 -0.0714 0.0000
 118.7000 -1.3135 -0.0714 0.0000
 118.8000 -1.3138 -0.0714 0.0000
 118.9000 -1.3135 -0.0714 0.0000
 119.0000 -1.3138 -0.0714 0.0000
 119.1000 -1.3135 -0.0714 0.0000
 119.2000 -1.3138 -0.0714 0.0000
 119.3000 -1.3135 -0.0714 0.0000
 119.4000 -1.3138 -0.0714 0.0000
 119.5000 -1.3135 -0.0714 0.0000
 119.6000 -1.3138 -0.0714 0.0000
 119.7000 -1.3135 -0.0714 0.0000
 119.8000 -1.3138 -0.0714 0.0000
 119.9000 -1.3135 -0.0714 0.0000
 120.0000 -1.3138 -0.0714 0.0000
 120.1000 -1.3135 -0.0714 0.0000
 120.2000 -1.3138 -0.0714 0.0000
 120.3000 -1.3135 -0.0714 0.0000
 120.4000 -1.3138 -0.0714 0.0000
 120.5000 -1.3135 -0.0714 0.0000
 120.6000 -1.3138 -0.0714 0.0000
 120.7000 -1.3135 -0.0714 0.0000
 120.8000 -1.3138 -0.0714 0.0000
 120.9000 -1.3135 -0.0714 0.0000
 121.0000 -1.3138 -0.0714 0.0000
 121.1000 -1.3135 -0.0714 0.0000
 121.2000 -1.3138 -0.0714 0.0000
 121.3000 -1.3135 -0.0714 0.0000
 121.4000 -1.3138 -0.0714 0.0000
 121.5000 -1.3135 -0.0714 0.0000
 121.6000 -1.3138 -0.0714 0.0000
 121.7000 -1.3135 -0.0714 0.0000
 121.8000 -1.3138 -0.0714 0.0000
 121.9000 -1.3135 -0.0714 0.0000
 122.0000 -1.3138 -0.0714 0.0000
 122.1000 -1.3135 -0.0714 0.0000
 122.2000 -1.3138 -0.0714 0.0000
 122.3000 -1.3135 -0.0714 0.0000
 122.4000 -1.3138 -0.0714 0.0000
 122.5000 -1.3135 -0.0714 0.0000
 122.6000 -1.3138 -0.0714 0.0000
 122.7000 -1.3135 -0.0714 0.0000
 122.8000 -1.3138 -0.0714 0.0000
 122.9000 -1.3135 -0.0714 0.0000
 123.0000 -1.3138 -0.0714 0.0000
 123.1000 -1.3135 -0.0714 0.0000
 123.2000 -1.3138 -0.0714 0.0000
 123.3000 -1.3135 -0.0714 0.0000
 123.4000 -1.3138 -0.0714 0.0000
 123.5000 -1.3135 -0.0714 0.0000
 123.6000 -1.3138 -0.0714 0.0000
 123.7000 -1.3135 -0.0714 0.0000
 123.8000 -1.3138 -0.0714 0.0000
 123.9000 -1.3135 -0.0714 0.0000
 124.0000 -1.3138 -0.0714 0.0000
 124.1000 -1.3135 -0.0714 0.0000
 124.2000 -1.3138 -0.0714 0.0000
 124.3000 -1.3135 -0.0714 0.0000
 124.4000 -1.3138 -0.0714 0.0000
 124.5000 -1.3135 -0.0714 0.0000
 124.6000 -1.3138 -0.0714 0.0000
 124.7000 -1.3135 -0.0714 0.0000
 124.8000 -1.3138 -0.0714 0.0000
 124.9000 -1.3135 -0.0714 0.0000
 125.0000 -1.3138 -0.0714 0.0000
 125.1000 -1.3135 -0.0714 0.0000
 125.2000 -1.3138 -0.0714 0.0000
